预测时间：2025/4/7 17:30:51
第1组：6 7 9 20 22 | 1 9
第2组：5 14 20 21 31 | 1 5
第3组：7 9 10 20 24 | 1 11
第4组：6 7 20 29 35 | 1 6
第5组：1 14 20 25 35 | 1 8
第6组：1 3 10 20 31 | 1 3

预测时间：2025/4/7 17:36:22
第1组：3 6 9 20 30 | 1 5
第2组：10 13 20 25 35 | 2 5
第3组：7 17 20 22 30 | 1 12
第4组：1 2 12 20 35 | 1 8
第5组：1 20 27 30 32 | 1 2
第6组：8 20 23 25 30 | 1 10

预测时间：2025/4/7 18:13:11
第1组：20 25 28 31 32 | 1 9
第2组：5 6 20 26 35 | 1 4
第3组：6 8 10 20 30 | 1 4
第4组：1 10 12 20 33 | 1 5
第5组：9 20 22 25 29 | 1 12
第6组：3 20 21 23 35 | 7 9

预测时间：2025/4/7 18:30:00
第1组：5 8 11 14 20 | 1 12
第2组：3 6 9 20 32 | 1 8
第3组：10 20 25 29 30 | 10 11
第4组：11 13 20 28 29 | 1 8
第5组：3 6 20 21 33 | 1 5
第6组：1 10 13 20 35 | 1 2

预测时间：2025/4/8 08:24:32
第1组：3 7 12 25 26 | 2 10
第2组：6 14 20 25 31 | 1 7
第3组：9 11 18 25 30 | 8 12
第4组：14 17 25 26 30 | 1 5
第5组：17 20 23 25 30 | 1 11
第6组：9 25 26 33 35 | 1 10

预测时间：2025/4/9 08:24:45
第1组：3 18 23 24 25 | 1 12
第2组：10 20 24 25 35 | 1 4
第3组：7 16 25 28 35 | 1 12
第4组：15 23 25 28 32 | 1 5
第5组：2 14 18 25 30 | 1 8
第6组：6 7 12 25 28 | 1 5

预测时间：2025/4/10 08:24:51
第1组：10 14 19 25 35 | 2 9
第2组：7 12 14 25 27 | 1 11
第3组：3 8 13 18 25 | 3 12
第4组：11 14 25 27 28 | 1 10
第5组：3 21 25 27 35 | 1 9
第6组：2 7 22 25 29 | 5 9

预测时间：2025/4/11 08:25:16
第1组：19 20 22 25 31 | 1 8
第2组：1 3 11 25 28 | 1 11
第3组：3 12 25 29 30 | 5 9
第4组：9 12 13 29 30 | 1 9
第5组：10 25 28 29 30 | 1 11
第6组：1 3 6 25 35 | 1 8

预测时间：2025/4/12 08:24:24
第1组：6 8 11 25 35 | 2 5
第2组：5 8 19 25 31 | 1 10
第3组：10 15 16 25 32 | 1 12
第4组：11 22 25 27 32 | 1 7
第5组：5 7 21 25 28 | 1 12
第6组：10 13 14 25 28 | 1 12

预测时间：2025/4/13 08:50:29
第1组：1 17 20 22 25 | 1 9
第2组：3 10 20 25 31 | 1 5
第3组：10 11 13 25 35 | 10 12
第4组：8 10 17 25 29 | 1 9
第5组：8 12 13 20 31 | 1 3
第6组：3 22 25 32 35 | 1 7

预测时间：2025/4/14 08:26:42
第1组：1 18 22 25 29 | 1 12
第2组：12 22 23 25 33 | 1 9
第3组：5 6 22 25 29 | 1 2
第4组：3 4 11 25 35 | 1 4
第5组：15 18 24 25 32 | 1 10
第6组：9 10 25 26 30 | 5 6

预测时间：2025/4/15 08:25:36
第1组：1 7 14 20 25 | 1 8
第2组：5 9 12 14 25 | 1 5
第3组：2 14 16 25 31 | 1 3
第4组：11 12 20 25 29 | 1 7
第5组：2 7 16 25 29 | 1 9
第6组：5 22 25 26 29 | 1 10

预测时间：2025/4/16 08:25:36
第1组：1 6 24 25 27 | 2 7
第2组：1 6 25 29 35 | 1 3
第3组：4 7 22 24 25 | 1 7
第4组：8 12 15 25 31 | 6 9
第5组：1 2 18 20 25 | 1 9
第6组：7 10 14 25 33 | 3 12

预测时间：2025/4/17 08:25:00
第1组：7 14 19 25 30 | 3 7
第2组：3 7 10 25 32 | 3 11
第3组：24 25 26 28 33 | 1 7
第4组：5 7 12 25 31 | 1 8
第5组：5 11 18 25 28 | 1 8
第6组：8 22 25 29 33 | 1 9

预测时间：2025/4/18 08:24:44
第1组：3 11 19 20 28 | 1 8
第2组：10 25 27 30 35 | 1 9
第3组：13 14 18 22 25 | 4 11
第4组：2 12 16 22 25 | 1 8
第5组：5 9 18 22 25 | 1 2
第6组：1 6 13 25 31 | 1 5

预测时间：2025/4/19 08:24:04
第1组：7 20 25 28 35 | 1 6
第2组：9 13 14 24 25 | 1 5
第3组：3 8 15 22 25 | 1 10
第4组：6 22 25 29 35 | 1 10
第5组：1 7 23 24 25 | 2 7
第6组：11 24 25 30 33 | 1 9

预测时间：2025/4/20 08:27:41
第1组：10 18 21 25 33 | 1 5
第2组：6 11 13 14 25 | 5 12
第3组：5 10 22 25 26 | 1 6
第4组：1 22 25 29 35 | 1 8
第5组：3 6 24 25 28 | 1 9
第6组：2 25 28 30 35 | 5 10

预测时间：2025/4/21 08:26:49
第1组：6 21 22 25 30 | 1 2
第2组：5 8 9 23 25 | 1 12
第3组：1 5 25 27 33 | 6 8
第4组：9 10 13 25 28 | 1 7
第5组：13 15 18 19 25 | 1 2
第6组：1 16 25 29 30 | 1 12

预测时间：2025/4/22 08:25:07
第1组：7 19 23 30 33 | 3 5
第2组：7 13 14 20 27 | 8 11
第3组：3 7 10 19 31 | 7 8
第4组：7 14 20 30 31 | 1 8
第5组：5 7 8 20 35 | 2 8
第6组：1 7 12 23 25 | 8 10

预测时间：2025/4/23 08:25:15
第1组：3 7 16 28 31 | 3 8
第2组：3 7 9 12 22 | 2 9
第3组：7 8 13 20 25 | 8 12
第4组：7 10 24 28 31 | 8 12
第5组：7 11 15 20 30 | 8 12
第6组：2 7 9 15 26 | 6 7

预测时间：2025/4/24 08:25:10
第1组：7 10 14 29 35 | 8 11
第2组：2 7 10 25 29 | 6 8
第3组：7 20 21 28 30 | 2 8
第4组：7 8 13 25 33 | 2 11
第5组：7 21 25 31 35 | 1 8
第6组：2 3 6 7 31 | 1 5

预测时间：2025/4/25 08:25:51
第1组：1 6 7 8 12 | 2 8
第2组：4 7 11 25 30 | 7 8
第3组：7 9 14 20 25 | 8 11
第4组：7 14 25 29 35 | 8 12
第5组：7 10 18 20 33 | 8 11
第6组：7 16 18 22 23 | 1 2

预测时间：2025/4/26 08:24:43
第1组：6 7 29 31 35 | 3 8
第2组：7 12 22 25 35 | 8 10
第3组：7 9 25 30 31 | 2 8
第4组：3 7 12 20 31 | 7 10
第5组：3 7 9 19 22 | 5 11
第6组：1 3 7 28 32 | 4 8

预测时间：2025/4/27 08:27:36
第1组：7 9 20 30 35 | 4 6
第2组：7 11 21 29 35 | 3 12
第3组：1 3 4 7 8 | 4 12
第4组：7 12 14 27 28 | 9 12
第5组：6 7 14 20 28 | 3 12
第6组：7 10 16 29 31 | 1 12

预测时间：2025/4/28 08:26:50
第1组：7 8 20 25 30 | 1 12
第2组：7 11 14 25 29 | 1 12
第3组：3 6 7 8 27 | 6 12
第4组：1 7 9 13 19 | 4 8
第5组：7 11 20 29 35 | 1 12
第6组：5 7 8 14 34 | 6 8

预测时间：2025/4/29 08:25:40
第1组：6 7 16 28 31 | 6 9
第2组：3 7 9 25 31 | 3 12
第3组：2 7 12 13 32 | 9 12
第4组：7 25 28 31 34 | 1 12
第5组：7 12 13 18 21 | 6 12
第6组：3 11 22 33 35 | 4 12

预测时间：2025/4/30 08:25:47
第1组：6 7 12 13 25 | 6 12
第2组：7 9 18 25 28 | 1 12
第3组：7 19 26 27 28 | 9 12
第4组：3 7 18 22 28 | 6 9
第5组：3 7 12 22 31 | 3 12
第6组：3 7 32 33 35 | 5 12

预测时间：2025/5/1 08:29:03
第1组：5 15 20 26 32 | 3 6
第2组：7 10 11 20 30 | 8 12
第3组：2 11 20 24 33 | 6 12
第4组：1 19 20 22 28 | 5 12
第5组：13 20 22 28 29 | 2 12
第6组：7 14 20 28 30 | 8 9

预测时间：2025/5/2 08:25:46
第1组：6 15 20 25 29 | 1 12
第2组：1 11 19 20 25 | 8 12
第3组：5 8 20 21 28 | 1 12
第4组：4 8 20 25 28 | 4 12
第5组：1 5 8 18 20 | 3 12
第6组：7 10 23 30 34 | 1 12

预测时间：2025/5/3 08:24:43
第1组：2 20 26 27 28 | 7 12
第2组：13 19 20 22 31 | 8 12
第3组：3 12 13 16 20 | 4 12
第4组：3 6 20 22 23 | 8 12
第5组：5 19 20 28 30 | 1 8
第6组：7 12 20 24 30 | 9 12

预测时间：2025/5/4 08:28:40
第1组：10 15 20 23 35 | 3 9
第2组：18 20 26 29 35 | 8 9
第3组：3 20 25 28 31 | 9 10
第4组：3 5 11 20 31 | 9 11
第5组：6 7 20 22 28 | 3 9
第6组：11 20 25 29 34 | 9 10

预测时间：2025/5/5 08:27:53
第1组：20 25 27 29 30 | 2 9
第2组：6 9 14 20 35 | 2 9
第3组：3 5 14 18 20 | 4 9
第4组：3 13 20 33 35 | 9 10
第5组：1 6 10 20 25 | 2 9
第6组：1 13 16 20 30 | 6 9

预测时间：2025/5/6 08:25:58
第1组：3 6 9 20 33 | 9 11
第2组：2 8 20 23 29 | 3 8
第3组：3 20 25 27 34 | 3 8
第4组：1 9 12 20 27 | 1 5
第5组：15 18 20 29 35 | 8 12
第6组：13 16 20 24 31 | 2 5

预测时间：2025/5/7 08:26:11
第1组：6 7 16 20 32 | 6 8
第2组：6 20 25 31 32 | 8 11
第3组：1 7 16 20 25 | 9 12
第4组：10 16 20 28 35 | 2 8
第5组：1 13 20 29 35 | 3 8
第6组：6 11 20 25 35 | 1 7

预测时间：2025/5/8 08:26:11
第1组：7 10 19 20 30 | 5 8
第2组：14 19 20 22 33 | 1 8
第3组：7 10 13 20 28 | 8 12
第4组：6 20 24 25 27 | 5 8
第5组：7 8 20 25 29 | 8 12
第6组：4 6 20 21 28 | 5 8

预测时间：2025/5/9 08:26:10
第1组：4 8 9 20 33 | 5 8
第2组：2 7 15 20 27 | 1 8
第3组：7 20 24 30 31 | 8 9
第4组：1 13 20 25 30 | 3 12
第5组：5 15 20 22 25 | 4 6
第6组：2 5 10 20 33 | 8 12

预测时间：2025/5/10 08:24:57
第1组：3 7 18 20 27 | 1 8
第2组：1 10 20 25 32 | 5 8
第3组：2 3 6 20 21 | 2 8
第4组：20 22 28 30 35 | 4 8
第5组：1 12 20 28 35 | 8 12
第6组：1 15 20 23 33 | 8 12

预测时间：2025/5/11 08:28:15
第1组：12 13 20 24 25 | 2 8
第2组：16 18 20 25 26 | 3 5
第3组：6 7 15 20 29 | 8 12
第4组：3 7 15 20 30 | 8 11
第5组：3 10 11 20 31 | 8 9
第6组：4 13 20 27 35 | 8 12

预测时间：2025/5/12 08:27:59
第1组：3 13 16 20 34 | 8 12
第2组：1 20 25 28 34 | 8 9
第3组：2 6 11 12 20 | 3 8
第4组：13 15 20 23 30 | 1 8
第5组：2 3 10 20 25 | 4 5
第6组：8 9 14 20 29 | 8 12

预测时间：2025/5/13 08:26:16
第1组：10 18 20 21 34 | 1 8
第2组：7 16 20 28 32 | 7 8
第3组：19 20 26 28 29 | 6 8
第4组：2 8 14 20 31 | 4 8
第5组：2 5 16 20 31 | 1 8
第6组：8 14 17 20 35 | 8 11

预测时间：2025/5/14 08:26:15
第1组：8 10 20 29 35 | 8 12
第2组：7 19 20 29 34 | 2 9
第3组：13 15 20 29 33 | 1 10
第4组：3 7 20 23 26 | 7 8
第5组：5 20 25 28 35 | 7 8
第6组：8 13 16 20 31 | 2 6

预测时间：2025/5/15 08:25:23
第1组：7 16 18 19 20 | 8 9
第2组：11 15 20 25 31 | 8 12
第3组：10 20 29 30 34 | 1 10
第4组：4 14 20 27 32 | 8 12
第5组：6 12 20 23 34 | 6 8
第6组：3 7 20 25 30 | 3 8

预测时间：2025/5/16 08:26:26
第1组：9 11 12 16 20 | 4 8
第2组：7 20 23 25 26 | 1 8
第3组：4 8 20 21 35 | 8 10
第4组：4 20 30 31 32 | 1 8
第5组：3 7 18 20 23 | 8 11
第6组：4 17 20 27 28 | 2 8

预测时间：2025/5/17 08:25:37
第1组：7 20 25 28 35 | 3 11
第2组：5 15 20 33 35 | 6 8
第3组：6 16 20 24 34 | 7 8
第4组：1 4 7 20 24 | 8 9
第5组：10 13 16 20 27 | 8 11
第6组：1 8 20 29 30 | 8 12

预测时间：2025/5/18 08:28:42
第1组：8 20 25 31 32 | 4 8
第2组：4 7 19 20 21 | 3 8
第3组：11 13 20 27 35 | 1 9
第4组：3 6 20 22 27 | 7 8
第5组：6 15 20 21 29 | 2 12
第6组：4 9 11 20 33 | 8 12

预测时间：2025/5/19 08:28:05
第1组：12 20 22 30 35 | 2 8
第2组：8 17 20 21 25 | 6 8
第3组：5 8 10 15 20 | 6 11
第4组：7 8 20 28 35 | 1 8
第5组：10 20 29 30 35 | 8 11
第6组：6 20 23 31 35 | 8 12

预测时间：2025/5/20 08:27:17
第1组：2 20 25 26 32 | 8 12
第2组：8 17 20 26 35 | 8 11
第3组：13 20 23 26 29 | 2 8
第4组：8 12 20 31 32 | 3 8
第5组：1 13 20 29 33 | 8 11
第6组：3 8 14 19 20 | 1 3

预测时间：2025/5/21 08:26:42
第1组：7 9 12 20 24 | 3 8
第2组：1 15 20 25 29 | 8 12
第3组：9 10 17 20 29 | 8 12
第4组：11 14 15 20 34 | 1 4
第5组：17 18 20 30 34 | 1 8
第6组：9 11 20 25 27 | 2 8

预测时间：2025/5/22 08:26:14
第1组：2 4 10 15 20 | 2 12
第2组：6 10 20 31 35 | 6 8
第3组：10 15 20 21 26 | 4 8
第4组：2 3 11 20 34 | 8 9
第5组：2 9 17 20 30 | 4 8
第6组：2 20 25 29 34 | 4 8

预测时间：2025/5/23 08:26:37
第1组：8 9 20 28 31 | 5 8
第2组：18 20 21 28 34 | 7 8
第3组：5 7 8 20 33 | 1 8
第4组：11 20 24 28 29 | 5 8
第5组：5 11 20 24 25 | 6 8
第6组：6 8 10 20 29 | 1 12

预测时间：2025/5/24 08:25:29
第1组：6 8 20 25 34 | 3 7
第2组：1 8 20 28 33 | 8 12
第3组：2 7 8 20 35 | 8 12
第4组：13 15 18 20 22 | 3 8
第5组：1 8 20 27 35 | 5 8
第6组：1 6 10 20 28 | 3 8

预测时间：2025/5/25 08:29:15
第1组：11 18 20 25 29 | 1 8
第2组：12 20 27 30 31 | 9 12
第3组：1 2 20 23 32 | 3 8
第4组：6 7 8 20 35 | 8 12
第5组：13 20 23 26 32 | 4 7
第6组：8 20 21 24 26 | 9 12

预测时间：2025/5/26 08:27:28
第1组：4 13 15 20 27 | 8 12
第2组：6 10 20 31 35 | 2 8
第3组：1 2 11 20 27 | 1 9
第4组：2 7 9 20 29 | 5 8
第5组：5 9 16 20 22 | 8 9
第6组：6 20 28 31 32 | 3 8

预测时间：2025/5/27 08:25:57
第1组：1 4 11 20 23 | 1 8
第2组：15 20 24 29 30 | 5 8
第3组：1 9 10 20 27 | 3 7
第4组：15 20 21 25 29 | 4 8
第5组：7 8 16 20 31 | 8 12
第6组：5 6 7 20 28 | 8 12

预测时间：2025/5/28 08:26:28
第1组：2 7 18 20 35 | 8 9
第2组：8 20 21 25 29 | 10 12
第3组：10 12 15 20 30 | 6 8
第4组：13 20 21 25 30 | 8 9
第5组：2 3 16 20 33 | 8 10
第6组：3 18 20 28 31 | 2 8

预测时间：2025/5/29 08:26:23
第1组：8 9 14 20 26 | 8 12
第2组：3 8 16 20 26 | 2 8
第3组：10 13 20 23 26 | 1 8
第4组：1 7 20 22 23 | 2 8
第5组：1 6 20 25 29 | 2 8
第6组：3 11 19 20 35 | 5 8

预测时间：2025/5/30 08:26:30
第1组：1 17 20 21 28 | 8 10
第2组：1 4 20 34 35 | 5 8
第3组：6 7 13 20 26 | 1 11
第4组：2 11 17 20 31 | 7 8
第5组：10 15 17 20 30 | 1 8
第6组：7 20 21 25 31 | 8 12

预测时间：2025/5/31 08:25:40
第1组：5 8 20 21 29 | 5 6
第2组：1 2 8 11 20 | 2 8
第3组：5 8 10 15 20 | 6 8
第4组：8 11 18 20 33 | 3 11
第5组：13 20 25 28 33 | 8 11
第6组：3 20 25 28 30 | 5 8

预测时间：2025/6/1 08:33:23
第1组：1 8 15 20 30 | 2 11
第2组：1 8 11 13 20 | 1 2
第3组：7 10 20 21 25 | 1 12
第4组：1 9 13 20 21 | 2 8
第5组：3 8 18 20 33 | 2 8
第6组：6 13 20 22 25 | 7 8

预测时间：2025/6/2 08:28:12
第1组：5 7 10 11 20 | 4 8
第2组：4 18 20 23 25 | 2 8
第3组：10 11 14 20 28 | 2 10
第4组：2 14 20 29 32 | 3 5
第5组：2 8 14 17 20 | 2 11
第6组：3 10 17 25 29 | 2 8

预测时间：2025/6/3 08:27:23
第1组：3 7 20 28 30 | 1 8
第2组：10 12 20 23 25 | 4 8
第3组：3 10 15 20 28 | 1 12
第4组：3 13 17 20 33 | 8 12
第5组：15 19 20 28 33 | 5 8
第6组：7 16 20 25 33 | 4 8

预测时间：2025/6/4 08:27:07
第1组：5 9 12 14 20 | 3 8
第2组：1 5 20 23 29 | 5 8
第3组：6 8 10 20 26 | 5 8
第4组：11 12 14 20 24 | 4 8
第5组：4 13 20 28 29 | 1 12
第6组：10 18 20 25 27 | 8 9

预测时间：2025/6/5 08:26:41
第1组：7 8 11 16 29 | 3 8
第2组：5 11 20 29 34 | 3 8
第3组：2 13 14 20 29 | 5 11
第4组：12 18 25 29 30 | 8 12
第5组：3 21 23 28 29 | 2 4
第6组：7 8 25 29 33 | 7 8

预测时间：2025/6/6 08:26:27
第1组：5 12 25 29 31 | 4 11
第2组：3 10 16 21 29 | 1 8
第3组：11 14 22 29 35 | 7 8
第4组：10 14 22 29 33 | 2 8
第5组：7 13 21 23 29 | 4 8
第6组：2 15 18 28 29 | 1 8

预测时间：2025/6/7 08:26:36
第1组：8 11 12 18 29 | 10 11
第2组：3 12 20 21 29 | 4 7
第3组：4 7 8 29 30 | 1 11
第4组：8 12 16 29 33 | 2 10
第5组：14 21 23 29 31 | 8 10
第6组：6 7 22 29 30 | 8 9

预测时间：2025/6/8 08:29:51
第1组：7 10 23 29 31 | 1 8
第2组：8 9 11 13 29 | 5 8
第3组：12 22 23 27 29 | 8 11
第4组：12 20 23 28 29 | 4 8
第5组：2 8 15 20 29 | 1 9
第6组：9 11 12 21 29 | 2 8

预测时间：2025/6/9 08:28:34
第1组：19 20 23 25 29 | 6 8
第2组：4 16 19 21 29 | 1 10
第3组：3 10 23 29 32 | 2 10
第4组：3 9 15 29 35 | 1 8
第5组：3 12 20 23 29 | 8 10
第6组：3 8 11 16 29 | 8 10

预测时间：2025/6/10 08:26:50
第1组：3 4 11 29 33 | 1 10
第2组：11 14 17 21 29 | 1 12
第3组：12 18 24 25 29 | 1 9
第4组：1 10 15 16 19 | 1 7
第5组：7 23 26 29 34 | 1 3
第6组：3 4 11 21 29 | 1 5

预测时间：2025/6/11 08:26:54
第1组：3 5 11 20 29 | 4 6
第2组：15 17 20 26 29 | 1 9
第3组：3 23 29 32 35 | 1 5
第4组：4 6 14 29 31 | 1 5
第5组：9 11 16 20 29 | 1 9
第6组：8 21 29 31 35 | 1 8

预测时间：2025/6/12 08:26:36
第1组：5 10 11 12 29 | 1 6
第2组：15 20 21 29 35 | 1 12
第3组：8 15 20 21 29 | 1 8
第4组：3 14 29 30 35 | 1 12
第5组：4 10 18 25 29 | 3 12
第6组：6 18 20 23 29 | 5 8

预测时间：2025/6/13 08:27:06
第1组：12 15 22 29 35 | 1 2
第2组：3 7 15 20 29 | 1 6
第3组：10 11 22 29 33 | 1 8
第4组：4 25 27 28 29 | 1 12
第5组：2 3 21 22 29 | 1 12
第6组：14 18 21 24 29 | 7 11

预测时间：2025/6/14 08:26:18
第1组：4 11 12 29 33 | 1 10
第2组：10 20 21 26 29 | 2 6
第3组：11 20 28 29 35 | 1 12
第4组：4 16 25 29 33 | 1 9
第5组：3 7 15 25 29 | 1 12
第6组：3 7 22 23 29 | 1 8

预测时间：2025/6/15 08:30:08
第1组：2 10 17 21 29 | 1 8
第2组：1 25 29 30 31 | 1 6
第3组：5 15 26 27 29 | 3 4
第4组：11 15 19 20 29 | 1 6
第5组：3 7 20 27 29 | 1 9
第6组：1 11 18 29 35 | 1 8

预测时间：2025/6/16 08:28:21
第1组：9 12 18 23 29 | 10 11
第2组：7 9 12 16 29 | 4 7
第3组：2 5 15 29 35 | 1 5
第4组：2 5 11 29 35 | 1 3
第5组：8 9 20 29 35 | 1 8
第6组：10 11 20 24 29 | 1 7

预测时间：2025/6/17 08:26:52
第1组：1 3 11 20 32 | 1 2
第2组：7 14 20 25 29 | 1 10
第3组：2 15 20 29 33 | 2 12
第4组：4 11 20 23 28 | 1 10
第5组：7 10 12 13 20 | 1 7
第6组：7 17 20 31 34 | 1 6

预测时间：2025/6/18 08:26:45
第1组：3 4 20 27 30 | 1 8
第2组：20 21 22 25 30 | 3 6
第3组：10 12 15 20 26 | 1 9
第4组：5 11 20 23 35 | 1 10
第5组：1 20 23 31 35 | 1 7
第6组：4 8 10 20 34 | 1 4

预测时间：2025/6/19 08:27:10
第1组：7 25 29 31 34 | 1 7
第2组：5 11 22 29 30 | 1 12
第3组：6 21 22 29 35 | 1 6
第4组：8 18 24 29 33 | 1 11
第5组：13 14 21 25 29 | 1 4
第6组：10 14 20 26 29 | 1 5

预测时间：2025/6/20 08:26:38
第1组：1 11 15 18 29 | 1 11
第2组：8 10 18 29 30 | 3 12
第3组：5 17 27 28 29 | 1 6
第4组：10 14 19 20 29 | 1 10
第5组：6 8 22 29 33 | 1 5
第6组：5 11 16 20 29 | 1 8

预测时间：2025/6/21 08:26:47
第1组：15 27 28 29 33 | 1 10
第2组：11 12 13 24 29 | 1 6
第3组：3 10 20 29 31 | 2 6
第4组：7 19 26 29 35 | 1 9
第5组：15 17 20 21 29 | 1 3
第6组：6 11 17 22 29 | 1 4

预测时间：2025/6/22 08:29:56
第1组：3 12 20 28 35 | 1 12
第2组：6 16 20 30 33 | 1 11
第3组：3 8 10 20 27 | 1 2
第4组：2 14 20 22 29 | 5 8
第5组：20 25 28 33 35 | 1 6
第6组：2 11 12 13 20 | 1 12

预测时间：2025/6/23 08:29:18
第1组：11 14 20 29 31 | 1 2
第2组：10 20 25 32 35 | 3 12
第3组：2 8 20 28 34 | 1 9
第4组：4 7 14 20 28 | 5 6
第5组：4 15 20 21 23 | 1 11
第6组：2 7 13 18 20 | 1 4

预测时间：2025/6/24 08:27:12
第1组：13 20 21 31 33 | 1 2
第2组：1 2 6 12 20 | 1 4
第3组：17 20 27 30 33 | 1 7
第4组：2 20 21 25 26 | 1 11
第5组：6 9 11 20 27 | 2 11
第6组：4 12 20 27 29 | 1 2

预测时间：2025/6/25 08:27:15
第1组：5 6 12 19 20 | 1 7
第2组：6 10 20 21 34 | 3 11
第3组：2 8 20 26 30 | 1 12
第4组：1 5 12 20 29 | 1 11
第5组：5 11 20 33 35 | 1 8
第6组：3 11 14 20 26 | 1 12

预测时间：2025/6/26 08:26:56
第1组：9 10 20 21 28 | 2 11
第2组：6 15 18 20 35 | 1 6
第3组：3 9 14 20 25 | 1 10
第4组：11 16 20 31 34 | 3 9
第5组：3 19 20 29 30 | 1 6
第6组：3 12 16 20 29 | 11 12

预测时间：2025/6/27 08:27:20
第1组：9 20 21 23 31 | 1 10
第2组：15 20 26 31 34 | 1 3
第3组：1 9 14 20 28 | 1 7
第4组：2 7 20 23 30 | 1 9
第5组：15 19 20 34 35 | 1 12
第6组：7 10 12 20 23 | 1 10

预测时间：2025/6/28 08:26:08
第1组：7 19 20 23 34 | 1 8
第2组：20 22 28 31 35 | 5 12
第3组：6 11 12 20 29 | 1 4
第4组：3 20 23 26 29 | 1 12
第5组：14 17 20 21 30 | 1 5
第6组：12 20 25 30 33 | 1 9

预测时间：2025/6/29 08:30:51
第1组：16 20 23 25 32 | 1 7
第2组：5 6 11 20 33 | 1 4
第3组：2 10 14 16 27 | 1 4
第4组：10 11 15 20 23 | 1 4
第5组：1 20 25 29 32 | 1 9
第6组：7 20 21 31 34 | 1 8

预测时间：2025/6/30 08:29:18
第1组：8 12 14 20 34 | 1 7
第2组：5 19 20 29 30 | 1 7
第3组：1 5 8 20 22 | 1 5
第4组：1 10 20 28 29 | 1 3
第5组：4 6 15 16 29 | 1 8
第6组：3 12 20 26 30 | 1 12

预测时间：2025/7/1 08:31:06
第1组：8 12 14 20 26 | 1 5
第2组：7 9 11 18 20 | 1 3
第3组：2 9 20 23 33 | 1 12
第4组：11 14 20 30 31 | 1 8
第5组：11 14 20 25 27 | 1 8
第6组：1 3 12 18 20 | 1 9

预测时间：2025/7/2 08:27:12
第1组：7 8 12 20 28 | 6 7
第2组：1 11 17 20 27 | 1 11
第3组：20 26 29 30 35 | 1 10
第4组：4 8 13 20 35 | 1 6
第5组：1 4 15 20 23 | 1 10
第6组：2 6 20 23 34 | 2 10

预测时间：2025/7/3 08:27:28
第1组：2 10 20 21 27 | 1 2
第2组：7 10 20 21 26 | 1 4
第3组：1 15 20 22 29 | 1 5
第4组：3 15 20 26 30 | 1 10
第5组：6 11 12 16 20 | 1 5
第6组：7 12 20 30 31 | 1 10

预测时间：2025/7/4 08:27:03
第1组：3 12 16 20 25 | 1 5
第2组：3 20 28 29 31 | 1 10
第3组：2 10 12 15 20 | 1 11
第4组：8 11 20 23 32 | 1 6
第5组：7 8 11 12 20 | 5 10
第6组：5 13 20 23 33 | 1 5

预测时间：2025/7/5 08:25:50
第1组：6 17 20 21 35 | 1 9
第2组：3 20 23 24 29 | 1 12
第3组：4 16 20 27 30 | 1 10
第4组：3 10 13 20 21 | 1 12
第5组：1 7 15 20 32 | 1 4
第6组：12 20 29 30 31 | 1 5

预测时间：2025/7/6 08:30:19
第1组：3 8 13 25 32 | 1 10
第2组：6 10 20 22 29 | 1 8
第3组：4 5 20 30 32 | 1 7
第4组：10 20 28 29 34 | 1 2
第5组：2 10 14 15 20 | 6 10
第6组：7 13 17 20 29 | 1 12

预测时间：2025/7/7 08:29:41
第1组：11 13 18 20 23 | 1 12
第2组：14 16 20 24 27 | 1 10
第3组：8 20 26 29 35 | 5 12
第4组：1 3 5 12 20 | 6 11
第5组：6 7 8 20 35 | 1 5
第6组：10 20 25 29 33 | 1 10

预测时间：2025/7/8 08:27:11
第1组：5 10 11 14 15 | 1 12
第2组：6 20 22 28 30 | 1 8
第3组：16 20 21 30 33 | 6 10
第4组：6 10 11 20 34 | 1 11
第5组：8 9 13 20 31 | 1 3
第6组：2 11 15 20 35 | 1 4

预测时间：2025/7/9 08:28:06
第1组：1 10 12 20 27 | 1 3
第2组：8 16 19 20 31 | 1 10
第3组：3 9 18 20 25 | 1 4
第4组：7 20 22 28 35 | 1 12
第5组：12 15 20 28 34 | 5 6
第6组：9 20 22 28 29 | 1 9

预测时间：2025/7/10 08:27:31
第1组：9 14 19 20 30 | 1 8
第2组：2 7 8 12 20 | 2 6
第3组：3 16 20 27 31 | 1 5
第4组：2 7 17 20 25 | 1 8
第5组：2 20 25 27 34 | 1 11
第6组：7 12 20 26 34 | 1 5

预测时间：2025/7/11 08:27:50
第1组：5 8 10 20 30 | 1 10
第2组：20 25 28 33 34 | 1 9
第3组：8 20 27 28 34 | 1 6
第4组：3 8 9 20 27 | 1 8
第5组：8 11 20 24 34 | 1 12
第6组：3 10 13 20 22 | 4 11

预测时间：2025/7/12 08:27:30
第1组：8 18 20 25 29 | 1 8
第2组：16 19 20 24 28 | 1 6
第3组：3 14 20 29 34 | 1 4
第4组：2 3 6 15 20 | 1 11
第5组：7 10 20 22 34 | 4 7
第6组：10 13 20 23 32 | 1 7

预测时间：2025/7/13 08:31:14
第1组：6 14 20 27 32 | 1 10
第2组：8 20 24 27 29 | 1 9
第3组：12 20 22 25 30 | 4 6
第4组：1 8 17 20 31 | 11 12
第5组：9 12 18 20 32 | 1 7
第6组：1 15 17 20 23 | 1 12

预测时间：2025/7/14 08:29:49
第1组：1 20 24 28 33 | 1 2
第2组：3 11 17 20 34 | 1 3
第3组：2 5 11 20 29 | 1 6
第4组：12 20 23 28 29 | 1 4
第5组：8 9 19 20 24 | 5 10
第6组：8 15 20 25 27 | 1 12

预测时间：2025/7/15 08:28:43
第1组：4 15 18 20 28 | 1 3
第2组：15 20 22 24 34 | 1 10
第3组：1 19 20 21 33 | 1 8
第4组：5 15 20 31 35 | 1 4
第5组：1 10 12 20 30 | 1 4
第6组：10 12 20 27 33 | 1 10

预测时间：2025/7/16 08:28:13
第1组：3 9 12 20 34 | 1 8
第2组：2 3 12 15 20 | 2 3
第3组：4 7 20 22 31 | 4 9
第4组：7 12 15 20 28 | 1 12
第5组：1 10 20 28 34 | 1 6
第6组：12 20 25 28 33 | 1 3

预测时间：2025/7/17 08:28:35
第1组：3 7 10 20 29 | 1 6
第2组：1 20 22 28 32 | 1 5
第3组：11 13 20 29 32 | 1 12
第4组：7 16 20 23 24 | 1 4
第5组：3 6 15 16 20 | 1 7
第6组：2 12 17 20 23 | 1 12

预测时间：2025/7/18 08:28:18
第1组：4 20 28 31 33 | 1 5
第2组：3 14 20 21 29 | 1 11
第3组：7 17 21 25 27 | 1 8
第4组：8 10 20 26 35 | 1 3
第5组：4 14 20 27 29 | 1 9
第6组：7 8 15 18 20 | 1 6

预测时间：2025/7/19 08:27:40
第1组：9 18 20 22 29 | 1 7
第2组：13 15 20 22 25 | 1 2
第3组：3 4 6 20 34 | 1 4
第4组：11 14 20 27 30 | 1 11
第5组：4 15 20 23 29 | 1 11
第6组：8 15 20 25 31 | 1 5

预测时间：2025/7/20 08:31:46
第1组：6 10 18 25 29 | 1 12
第2组：2 3 7 12 29 | 7 8
第3组：3 17 22 29 35 | 1 6
第4组：12 18 19 24 29 | 1 2
第5组：9 15 25 29 33 | 1 10
第6组：6 7 16 24 29 | 1 5

预测时间：2025/7/21 08:30:51
第1组：4 18 20 29 35 | 1 3
第2组：8 20 23 24 29 | 1 10
第3组：3 8 22 29 30 | 3 4
第4组：10 15 20 29 33 | 8 11
第5组：9 10 14 23 29 | 1 2
第6组：1 8 20 23 29 | 1 11

预测时间：2025/7/22 08:28:51
第1组：5 9 16 29 33 | 1 8
第2组：1 7 13 25 29 | 1 10
第3组：11 22 28 29 32 | 1 3
第4组：4 19 21 29 35 | 8 10
第5组：1 12 23 26 29 | 1 11
第6组：5 16 21 28 29 | 1 12

预测时间：2025/7/23 08:28:46
第1组：1 15 27 29 31 | 1 10
第2组：11 20 21 29 35 | 1 10
第3组：2 10 12 15 29 | 1 10
第4组：1 9 20 25 29 | 1 10
第5组：5 12 19 29 35 | 1 4
第6组：8 21 29 31 35 | 1 6

预测时间：2025/7/24 08:29:01
第1组：6 11 21 25 29 | 1 8
第2组：3 7 10 29 35 | 2 8
第3组：3 12 29 30 32 | 6 9
第4组：4 16 19 21 29 | 3 4
第5组：7 8 18 29 33 | 1 2
第6组：7 8 21 24 29 | 1 7

预测时间：2025/7/25 08:28:52
第1组：4 14 21 28 29 | 1 5
第2组：9 25 27 31 35 | 1 10
第3组：1 10 20 25 29 | 1 11
第4组：15 19 20 26 29 | 1 10
第5组：6 9 13 22 29 | 1 6
第6组：7 12 27 29 33 | 1 7

预测时间：2025/7/26 08:27:32
第1组：5 7 11 18 29 | 1 12
第2组：5 9 18 29 33 | 1 5
第3组：10 21 28 29 31 | 7 9
第4组：5 18 23 27 29 | 1 12
第5组：3 5 10 15 29 | 1 5
第6组：5 10 25 29 33 | 1 4

预测时间：2025/7/27 08:31:51
第1组：2 6 14 27 29 | 2 8
第2组：4 7 17 29 31 | 1 8
第3组：8 10 19 20 29 | 1 7
第4组：2 6 19 22 29 | 1 4
第5组：21 25 28 29 33 | 3 4
第6组：22 25 29 32 34 | 1 12

预测时间：2025/7/28 08:31:00
第1组：2 6 8 19 29 | 1 10
第2组：4 20 21 25 29 | 1 4
第3组：3 7 8 22 29 | 1 8
第4组：9 29 30 32 34 | 1 10
第5组：12 21 24 25 29 | 1 6
第6组：2 3 11 20 29 | 1 7

预测时间：2025/7/29 08:31:20
第1组：8 15 25 28 29 | 2 10
第2组：3 12 26 29 32 | 1 11
第3组：10 11 14 20 29 | 2 4
第4组：4 7 18 21 29 | 1 5
第5组：2 6 11 20 29 | 1 11
第6组：5 10 11 21 29 | 1 2

预测时间：2025/7/30 08:29:11
第1组：3 8 21 26 29 | 1 8
第2组：6 14 18 23 29 | 8 10
第3组：7 10 14 22 29 | 1 6
第4组：18 25 29 30 34 | 1 11
第5组：2 7 15 20 29 | 1 4
第6组：16 18 21 25 29 | 1 9

预测时间：2025/7/31 08:28:56
第1组：9 10 15 27 29 | 1 5
第2组：6 9 12 20 29 | 1 10
第3组：3 6 24 29 34 | 1 3
第4组：5 7 18 28 29 | 7 8
第5组：8 17 20 27 31 | 1 9
第6组：8 15 20 22 29 | 10 12

预测时间：2025/8/1 08:33:08
第1组：2 9 21 23 29 | 1 5
第2组：15 18 21 29 30 | 1 4
第3组：12 23 29 30 35 | 1 2
第4组：1 13 19 25 29 | 1 12
第5组：7 19 24 29 35 | 1 6
第6组：4 7 8 16 29 | 2 11

预测时间：2025/8/2 08:27:52
第1组：4 18 20 27 29 | 1 6
第2组：2 10 21 29 31 | 1 10
第3组：12 13 14 22 29 | 4 10
第4组：3 4 5 20 29 | 1 5
第5组：4 7 11 29 34 | 1 11
第6组：11 15 29 32 34 | 1 10

预测时间：2025/8/3 08:32:18
第1组：2 3 12 28 29 | 1 8
第2组：5 12 17 24 29 | 2 11
第3组：2 6 12 22 29 | 1 10
第4组：14 15 28 29 33 | 1 6
第5组：10 23 29 33 35 | 1 4
第6组：13 29 31 33 35 | 1 12

预测时间：2025/8/4 08:31:50
第1组：6 9 13 25 29 | 1 5
第2组：4 14 25 29 32 | 1 12
第3组：6 8 22 29 35 | 4 11
第4组：1 2 15 28 29 | 1 8
第5组：10 17 24 27 29 | 1 7
第6组：6 19 27 29 31 | 1 8

预测时间：2025/8/5 08:29:46
第1组：20 23 25 27 35 | 1 10
第2组：8 20 28 31 35 | 1 8
第3组：5 6 19 20 30 | 1 4
第4组：2 9 13 15 20 | 1 11
第5组：6 11 20 25 34 | 1 7
第6组：7 9 15 20 27 | 1 8

预测时间：2025/8/6 08:29:27
第1组：2 5 12 20 22 | 1 7
第2组：5 9 20 25 29 | 1 12
第3组：7 20 28 29 34 | 1 5
第4组：1 9 11 20 24 | 1 8
第5组：2 6 8 15 20 | 1 3
第6组：4 15 20 29 34 | 1 6

预测时间：2025/8/7 08:29:34
第1组：7 10 20 29 34 | 1 9
第2组：11 14 29 31 32 | 1 5
第3组：3 7 9 27 29 | 1 4
第4组：4 7 11 19 29 | 1 12
第5组：4 23 24 29 35 | 1 6
第6组：15 25 28 29 35 | 1 10

预测时间：2025/8/8 08:29:10
第1组：16 26 28 29 35 | 2 9
第2组：6 14 28 29 33 | 1 5
第3组：8 11 15 18 29 | 2 11
第4组：5 10 18 22 29 | 1 12
第5组：1 4 24 29 32 | 5 10
第6组：3 5 21 29 33 | 1 8

预测时间：2025/8/9 08:26:44
第1组：1 13 20 24 29 | 5 9
第2组：4 9 16 29 34 | 1 5
第3组：4 11 14 29 33 | 1 4
第4组：1 18 19 29 34 | 1 4
第5组：6 8 26 27 29 | 1 6
第6组：6 11 12 23 29 | 1 7

预测时间：2025/8/10 08:31:26
第1组：8 10 20 24 29 | 1 7
第2组：10 12 16 29 34 | 8 12
第3组：1 2 18 29 35 | 1 6
第4组：10 20 25 29 32 | 1 6
第5组：8 13 18 22 29 | 1 4
第6组：7 10 23 29 32 | 1 5

预测时间：2025/8/11 08:30:21
第1组：11 20 29 33 34 | 1 6
第2组：3 10 21 29 32 | 1 3
第3组：6 15 18 29 30 | 1 12
第4组：5 6 15 16 35 | 3 7
第5组：2 8 18 23 29 | 1 3
第6组：2 11 29 34 35 | 1 11

预测时间：2025/8/12 08:27:06
第1组：7 13 22 29 31 | 1 10
第2组：10 11 15 26 29 | 1 8
第3组：18 20 26 29 33 | 2 10
第4组：2 7 10 22 29 | 2 5
第5组：4 17 26 28 29 | 6 8
第6组：1 15 18 29 33 | 1 10

预测时间：2025/8/13 08:27:28
第1组：14 16 22 29 34 | 1 7
第2组：5 15 18 29 35 | 1 4
第3组：6 9 18 29 34 | 1 7
第4组：3 6 26 29 31 | 1 10
第5组：8 12 15 21 29 | 1 11
第6组：1 4 12 20 24 | 1 8

预测时间：2025/8/14 08:27:27
第1组：1 12 20 27 31 | 1 10
第2组：10 20 21 31 35 | 1 2
第3组：18 19 20 23 31 | 1 12
第4组：4 5 10 20 30 | 4 6
第5组：1 19 20 23 34 | 1 6
第6组：6 13 14 20 27 | 1 7

预测时间：2025/8/15 08:28:04
第1组：6 13 17 29 34 | 3 9
第2组：8 20 23 29 31 | 1 7
第3组：2 8 16 20 25 | 1 2
第4组：1 5 18 20 30 | 1 7
第5组：2 12 20 28 29 | 1 12
第6组：15 20 25 32 33 | 1 10

预测时间：2025/8/16 08:25:59
第1组：11 15 20 29 32 | 1 7
第2组：20 22 25 29 31 | 1 3
第3组：2 8 20 22 33 | 1 8
第4组：4 20 21 32 35 | 1 10
第5组：7 11 20 23 32 | 1 10
第6组：1 7 8 13 20 | 1 4

预测时间：2025/8/17 08:29:52
第1组：3 7 20 31 32 | 1 4
第2组：3 5 16 20 31 | 1 3
第3组：12 15 20 25 29 | 1 3
第4组：3 11 20 25 26 | 1 4
第5组：2 11 14 20 35 | 1 12
第6组：13 20 22 23 26 | 1 5

预测时间：2025/8/18 08:29:48
第1组：10 14 18 26 35 | 1 8
第2组：9 21 23 24 28 | 4 5
第3组：8 11 14 18 20 | 1 11
第4组：11 20 25 31 35 | 1 3
第5组：3 11 12 20 25 | 5 10
第6组：2 4 5 14 20 | 1 8

预测时间：2025/8/19 08:26:49
第1组：3 9 11 19 20 | 1 4
第2组：2 4 12 19 20 | 1 8
第3组：5 14 20 28 29 | 1 11
第4组：7 11 20 24 33 | 2 11
第5组：8 13 20 22 24 | 4 9
第6组：2 8 20 21 32 | 3 4

预测时间：2025/8/20 08:25:50
第1组：1 3 8 14 20 | 1 2
第2组：4 20 22 25 28 | 1 3
第3组：11 15 16 20 27 | 1 2
第4组：1 4 7 20 32 | 1 6
第5组：14 20 21 23 29 | 9 10
第6组：4 5 18 20 25 | 1 7

预测时间：2025/8/21 08:24:50
第1组：1 18 20 26 33 | 1 11
第2组：8 14 17 20 29 | 1 5
第3组：3 7 11 15 20 | 8 9
第4组：1 3 10 14 20 | 1 4
第5组：4 12 20 23 33 | 1 8
第6组：8 20 25 26 30 | 1 9

预测时间：2025/8/22 08:25:49
第1组：6 9 20 31 32 | 1 9
第2组：5 9 12 15 20 | 1 3
第3组：2 20 25 31 33 | 1 12
第4组：6 12 20 25 35 | 1 8
第5组：3 10 18 28 35 | 4 9
第6组：14 20 21 27 32 | 6 10

预测时间：2025/8/23 08:25:05
第1组：16 18 20 25 33 | 1 4
第2组：4 6 20 25 29 | 4 11
第3组：7 11 20 27 31 | 1 5
第4组：4 20 28 30 34 | 1 8
第5组：12 13 20 24 30 | 1 5
第6组：1 5 7 8 20 | 1 9

预测时间：2025/8/24 08:29:14
第1组：6 11 19 20 23 | 1 10
第2组：2 5 18 20 28 | 6 9
第3组：2 5 10 11 27 | 1 12
第4组：3 5 7 20 33 | 1 11
第5组：5 9 10 20 30 | 1 11
第6组：2 15 20 28 34 | 1 3

预测时间：2025/8/25 08:27:24
第1组：9 13 20 25 27 | 1 11
第2组：2 3 11 15 20 | 1 10
第3组：7 18 20 29 35 | 1 2
第4组：3 15 20 24 35 | 1 4
第5组：4 20 23 24 31 | 1 9
第6组：3 14 20 27 30 | 1 6

预测时间：2025/8/26 08:25:54
第1组：5 8 20 32 35 | 1 7
第2组：1 9 11 19 20 | 1 4
第3组：12 20 24 27 30 | 1 4
第4组：16 20 29 30 35 | 1 11
第5组：4 10 15 20 34 | 1 9
第6组：1 4 8 19 20 | 1 9

预测时间：2025/8/27 08:25:48
第1组：15 18 20 22 25 | 1 5
第2组：10 11 20 24 29 | 1 2
第3组：1 10 20 23 27 | 1 12
第4组：5 7 20 25 32 | 1 12
第5组：5 6 20 23 32 | 1 9
第6组：2 10 16 20 35 | 2 5

预测时间：2025/8/28 08:25:35
第1组：1 10 20 27 29 | 2 4
第2组：8 11 14 20 26 | 1 8
第3组：5 18 20 32 34 | 1 9
第4组：6 20 26 31 33 | 7 9
第5组：7 15 20 24 32 | 6 12
第6组：7 12 14 20 24 | 1 10

预测时间：2025/8/29 08:25:38
第1组：7 15 20 25 29 | 2 6
第2组：2 12 13 17 20 | 3 8
第3组：6 15 20 34 35 | 1 10
第4组：4 10 20 28 31 | 1 5
第5组：8 14 15 20 22 | 6 11
第6组：10 11 20 23 25 | 1 5

预测时间：2025/8/30 08:24:09
第1组：5 6 19 20 22 | 5 12
第2组：10 16 20 27 32 | 1 10
第3组：20 21 24 29 34 | 1 6
第4组：2 7 14 20 23 | 7 12
第5组：4 9 13 20 28 | 1 3
第6组：4 10 15 20 28 | 1 4

预测时间：2025/8/31 08:27:56
第1组：4 5 8 20 22 | 1 11
第2组：2 9 12 20 23 | 1 10
第3组：15 20 29 30 33 | 1 8
第4组：20 25 28 29 35 | 8 12
第5组：1 12 20 25 33 | 1 5
第6组：4 6 9 15 20 | 5 7

预测时间：2025/9/1 08:31:37
第1组：2 5 12 20 22 | 1 2
第2组：10 11 21 22 27 | 6 11
第3组：11 15 19 20 32 | 2 11
第4组：2 8 16 20 28 | 1 9
第5组：7 12 20 25 34 | 1 10
第6组：3 9 20 27 29 | 1 11

预测时间：2025/9/2 08:25:40
第1组：1 15 16 19 20 | 1 5
第2组：7 9 17 20 33 | 1 12
第3组：8 10 14 20 29 | 8 11
第4组：7 20 28 29 35 | 1 9
第5组：3 5 20 23 29 | 2 8
第6组：17 20 25 31 34 | 1 12

预测时间：2025/9/3 08:23:57
第1组：7 20 25 29 34 | 1 7
第2组：7 9 11 13 20 | 1 5
第3组：10 14 20 25 28 | 1 10
第4组：4 20 28 29 35 | 1 9
第5组：1 8 12 17 20 | 1 8
第6组：3 4 12 17 20 | 1 9

预测时间：2025/9/4 08:24:05
第1组：1 17 19 20 29 | 5 7
第2组：4 8 20 29 35 | 1 10
第3组：7 8 20 24 35 | 1 6
第4组：15 20 22 23 24 | 6 7
第5组：3 13 14 20 32 | 1 8
第6组：1 11 20 27 34 | 1 2

预测时间：2025/9/5 08:25:12
第1组：4 8 13 20 25 | 1 5
第2组：3 17 19 20 32 | 1 12
第3组：2 20 23 27 34 | 8 9
第4组：4 17 20 29 33 | 1 7
第5组：1 7 14 20 22 | 1 11
第6组：4 8 20 29 34 | 6 10

预测时间：2025/9/6 08:23:50
第1组：7 10 20 33 34 | 1 2
第2组：16 20 22 25 29 | 1 9
第3组：2 4 20 30 31 | 1 8
第4组：7 10 15 28 33 | 1 5
第5组：4 15 19 20 31 | 1 6
第6组：1 14 20 24 29 | 1 9

预测时间：2025/9/7 08:27:15
第1组：15 19 20 30 34 | 1 7
第2组：3 4 8 20 28 | 1 7
第3组：20 22 23 25 33 | 1 7
第4组：2 9 15 20 30 | 1 9
第5组：12 14 18 20 34 | 1 12
第6组：4 7 20 29 33 | 1 10

预测时间：2025/9/8 08:26:35
第1组：2 20 25 33 35 | 1 12
第2组：2 10 20 24 29 | 1 6
第3组：4 7 20 34 35 | 1 4
第4组：3 8 15 20 24 | 1 4
第5组：11 20 25 32 34 | 5 9
第6组：2 11 20 21 25 | 7 8

预测时间：2025/9/9 08:25:18
第1组：11 14 20 22 23 | 1 6
第2组：1 8 20 22 25 | 1 9
第3组：3 8 12 20 28 | 1 10
第4组：4 11 17 20 22 | 1 5
第5组：15 20 25 32 33 | 1 4
第6组：3 20 26 28 33 | 1 5

预测时间：2025/9/10 08:24:50
第1组：11 19 20 21 27 | 10 12
第2组：7 11 16 20 26 | 1 2
第3组：3 12 20 28 34 | 1 11
第4组：2 11 14 20 21 | 1 5
第5组：7 20 25 33 35 | 1 7
第6组：15 19 20 24 33 | 1 5

预测时间：2025/9/11 08:25:10
第1组：11 15 17 20 25 | 1 9
第2组：1 9 20 22 35 | 3 10
第3组：1 6 7 11 20 | 6 9
第4组：20 26 29 30 35 | 1 4
第5组：2 6 12 20 21 | 1 8
第6组：4 12 20 31 33 | 1 5

预测时间：2025/9/12 08:24:48
第1组：6 14 15 17 20 | 1 11
第2组：7 8 16 20 30 | 5 12
第3组：20 22 23 24 29 | 1 3
第4组：15 16 20 22 35 | 3 6
第5组：4 8 10 20 31 | 8 9
第6组：2 6 12 20 32 | 1 8

预测时间：2025/9/13 08:22:51
第1组：6 7 20 26 31 | 1 6
第2组：9 19 20 23 29 | 1 8
第3组：12 16 20 29 33 | 10 12
第4组：9 15 20 25 32 | 1 4
第5组：9 14 20 25 31 | 1 3
第6组：1 4 9 13 20 | 5 6

预测时间：2025/9/14 08:26:52
第1组：3 8 20 24 29 | 5 11
第2组：3 9 11 20 22 | 1 5
第3组：14 15 20 27 29 | 1 9
第4组：3 6 20 22 29 | 1 11
第5组：3 7 14 20 34 | 8 10
第6组：14 20 21 28 34 | 1 8

预测时间：2025/9/15 08:27:11
第1组：6 7 19 20 23 | 1 7
第2组：13 16 17 20 25 | 1 5
第3组：3 20 24 33 34 | 7 11
第4组：2 10 11 20 29 | 2 4
第5组：7 12 18 20 33 | 1 10
第6组：1 8 20 30 32 | 1 10

预测时间：2025/9/16 08:24:13
第1组：12 20 21 29 30 | 1 4
第2组：7 12 20 25 29 | 1 6
第3组：4 20 27 32 35 | 1 11
第4组：10 19 20 22 25 | 1 5
第5组：4 11 20 23 30 | 4 10
第6组：3 15 20 31 34 | 7 10

预测时间：2025/9/17 08:25:08
第1组：5 7 10 13 29 | 1 11
第2组：10 19 28 33 35 | 5 8
第3组：3 5 14 18 20 | 7 9
第4组：2 20 22 23 30 | 1 8
第5组：2 8 13 18 27 | 1 5
第6组：3 9 20 23 33 | 1 7

预测时间：2025/9/18 08:24:27
第1组：2 6 15 20 30 | 6 7
第2组：3 15 20 25 29 | 4 6
第3组：9 11 12 20 30 | 1 10
第4组：3 8 20 24 30 | 1 10
第5组：6 10 11 20 27 | 1 11
第6组：18 20 23 29 32 | 1 9

预测时间：2025/9/19 08:25:16
第1组：1 18 20 21 30 | 1 11
第2组：1 6 13 20 22 | 3 8
第3组：4 20 21 24 26 | 6 12
第4组：2 10 17 20 31 | 1 4
第5组：6 11 15 20 27 | 1 3
第6组：3 9 15 20 27 | 1 10

预测时间：2025/9/20 08:23:44
第1组：20 21 23 26 29 | 5 9
第2组：5 7 20 24 34 | 2 12
第3组：9 16 23 27 35 | 1 9
第4组：20 21 29 31 32 | 1 6
第5组：1 3 5 17 20 | 1 6
第6组：1 2 7 12 20 | 1 9

预测时间：2025/9/21 08:27:39
第1组：4 9 20 28 30 | 1 4
第2组：10 14 19 20 34 | 4 7
第3组：4 14 20 22 25 | 1 9
第4组：1 16 20 25 29 | 1 10
第5组：6 8 20 25 34 | 4 11
第6组：8 10 20 25 35 | 1 4

预测时间：2025/9/22 08:27:45
第1组：8 9 20 30 34 | 1 6
第2组：4 6 20 25 29 | 1 5
第3组：4 16 20 27 29 | 1 4
第4组：4 12 20 23 35 | 2 8
第5组：3 11 20 30 34 | 1 5
第6组：1 2 16 17 20 | 1 9

预测时间：2025/9/23 08:24:58
第1组：14 20 22 24 28 | 1 8
第2组：5 10 20 22 24 | 1 6
第3组：9 20 31 34 35 | 1 5
第4组：13 14 19 20 27 | 1 6
第5组：9 16 19 20 27 | 9 11
第6组：18 20 29 31 35 | 6 7

预测时间：2025/9/24 08:25:06
第1组：9 15 20 24 33 | 1 3
第2组：10 11 13 20 26 | 1 5
第3组：2 6 14 20 33 | 1 11
第4组：2 4 12 20 34 | 1 5
第5组：5 17 20 29 30 | 1 8
第6组：9 11 16 20 23 | 9 10

预测时间：2025/9/25 08:24:50
第1组：6 20 25 29 33 | 1 10
第2组：6 12 14 20 25 | 1 10
第3组：3 11 12 20 35 | 1 12
第4组：8 20 27 32 33 | 1 4
第5组：2 8 17 27 29 | 1 6
第6组：1 17 20 21 26 | 7 10

预测时间：2025/9/26 08:24:33
第1组：6 8 12 20 29 | 1 9
第2组：2 12 15 17 20 | 1 11
第3组：8 12 20 27 34 | 1 7
第4组：2 4 5 8 20 | 1 5
第5组：14 18 20 27 33 | 1 6
第6组：7 16 20 23 25 | 1 12

预测时间：2025/9/27 08:24:28
第1组：9 10 20 26 31 | 1 10
第2组：13 20 26 28 29 | 3 11
第3组：1 11 20 25 32 | 1 10
第4组：7 14 15 20 35 | 1 10
第5组：3 5 16 20 30 | 1 5
第6组：7 9 20 24 34 | 9 11

预测时间：2025/9/28 08:28:03
第1组：6 16 20 32 33 | 10 11
第2组：10 13 16 20 34 | 6 10
第3组：1 11 20 24 28 | 6 10
第4组：2 6 12 20 27 | 6 10
第5组：13 20 21 28 33 | 6 10
第6组：6 9 20 22 31 | 6 10

预测时间：2025/9/29 08:26:18
第1组：3 9 13 16 20 | 3 10
第2组：7 8 16 20 34 | 9 10
第3组：5 15 20 22 33 | 9 10
第4组：5 11 20 27 35 | 2 3
第5组：20 25 27 29 33 | 1 10
第6组：10 15 20 31 32 | 1 10

预测时间：2025/9/30 08:25:15
第1组：13 20 26 28 35 | 5 10
第2组：12 20 22 31 32 | 1 10
第3组：2 9 20 22 24 | 6 8
第4组：7 10 13 20 31 | 2 6
第5组：3 13 19 20 27 | 4 10
第6组：8 15 16 20 24 | 2 10

预测时间：2025/10/1 08:29:15
第1组：4 16 18 20 30 | 9 10
第2组：9 10 12 20 23 | 1 6
第3组：5 15 20 22 29 | 5 10
第4组：6 7 20 24 27 | 5 10
第5组：4 12 23 25 34 | 4 10
第6组：1 7 15 20 35 | 7 10

预测时间：2025/10/2 08:24:19
第1组：7 9 10 20 26 | 10 12
第2组：4 20 28 32 33 | 1 10
第3组：13 15 20 26 32 | 7 10
第4组：2 5 7 20 29 | 6 10
第5组：1 18 20 21 29 | 10 11
第6组：8 10 20 24 33 | 4 10

预测时间：2025/10/3 08:24:09
第1组：12 20 22 32 34 | 8 10
第2组：3 14 20 25 26 | 6 9
第3组：9 17 20 27 28 | 3 10
第4组：7 20 29 32 35 | 4 10
第5组：8 13 20 23 34 | 9 10
第6组：3 20 23 32 33 | 3 10

预测时间：2025/10/4 08:23:36
第1组：2 5 10 11 20 | 4 10
第2组：1 11 14 20 29 | 1 10
第3组：8 20 23 25 26 | 1 2
第4组：1 10 14 17 20 | 7 10
第5组：4 5 20 30 32 | 4 12
第6组：7 8 20 26 33 | 6 10

预测时间：2025/10/5 08:27:45
第1组：2 12 20 25 34 | 9 10
第2组：5 15 20 29 30 | 4 10
第3组：5 6 17 20 29 | 6 10
第4组：3 9 16 20 24 | 1 10
第5组：8 15 20 23 27 | 2 10
第6组：3 6 7 13 20 | 2 10

预测时间：2025/10/6 08:25:53
第1组：7 8 16 20 35 | 4 10
第2组：19 20 21 27 29 | 6 12
第3组：1 15 18 21 22 | 10 11
第4组：4 20 28 29 30 | 10 11
第5组：3 7 11 20 35 | 6 9
第6组：1 9 13 20 28 | 2 5

预测时间：2025/10/7 08:25:19
第1组：7 14 22 29 32 | 9 10
第2组：20 22 29 32 33 | 2 4
第3组：7 12 18 21 29 | 10 11
第4组：1 2 11 20 29 | 4 10
第5组：1 6 15 29 32 | 4 10
第6组：7 8 10 25 29 | 6 10

预测时间：2025/10/8 08:25:09
第1组：10 12 15 20 29 | 5 11
第2组：8 28 29 33 35 | 5 10
第3组：3 12 15 20 29 | 2 10
第4组：6 10 25 29 34 | 2 10
第5组：6 16 25 29 33 | 2 10
第6组：20 21 26 29 31 | 10 11

预测时间：2025/10/9 08:25:20
第1组：7 11 14 22 29 | 2 4
第2组：9 17 25 28 29 | 5 11
第3组：6 7 15 29 34 | 8 10
第4组：2 3 8 9 29 | 2 5
第5组：4 17 19 23 29 | 6 7
第6组：12 14 20 21 29 | 1 7

预测时间：2025/10/10 08:25:29
第1组：3 7 15 29 33 | 9 10
第2组：24 25 28 29 31 | 10 12
第3组：1 9 14 21 29 | 4 10
第4组：5 17 23 28 29 | 2 10
第5组：2 7 14 18 29 | 1 10
第6组：2 11 20 29 35 | 1 10

预测时间：2025/10/11 08:23:41
第1组：2 12 24 29 35 | 10 11
第2组：7 8 20 28 29 | 10 12
第3组：2 13 15 27 29 | 3 10
第4组：9 10 15 22 29 | 7 10
第5组：7 14 19 20 29 | 3 10
第6组：4 7 10 11 29 | 1 10

预测时间：2025/10/12 08:26:33
第1组：3 6 11 29 35 | 4 10
第2组：3 6 8 18 29 | 5 10
第3组：11 13 19 25 29 | 4 10
第4组：9 14 16 21 29 | 2 10
第5组：5 9 29 30 33 | 1 10
第6组：17 19 21 23 29 | 3 10

预测时间：2025/10/13 08:27:18
第1组：6 14 24 29 32 | 5 10
第2组：9 17 18 29 30 | 2 10
第3组：6 12 16 20 29 | 6 10
第4组：4 18 20 29 31 | 7 10
第5组：13 24 29 34 35 | 5 10
第6组：8 10 13 17 29 | 1 10

预测时间：2025/10/14 08:24:53
第1组：7 11 14 19 29 | 6 10
第2组：10 13 24 29 32 | 8 11
第3组：5 12 19 23 29 | 4 10
第4组：5 11 21 29 33 | 7 10
第5组：4 10 29 34 35 | 2 10
第6组：1 15 29 32 33 | 2 10

预测时间：2025/10/15 08:25:57
第1组：11 16 23 28 29 | 9 10
第2组：15 19 20 22 29 | 2 10
第3组：3 9 19 27 29 | 3 10
第4组：2 5 6 14 29 | 6 10
第5组：16 23 29 32 34 | 5 10
第6组：8 15 21 29 31 | 6 10

预测时间：2025/10/16 08:26:25
第1组：4 12 25 29 33 | 1 10
第2组：1 8 14 22 29 | 1 10
第3组：4 5 27 29 34 | 7 10
第4组：9 20 21 22 29 | 1 10
第5组：2 12 26 29 35 | 6 10
第6组：1 5 9 29 32 | 1 4

预测时间：2025/10/17 08:25:53
第1组：1 12 19 22 29 | 8 10
第2组：1 3 9 26 29 | 7 11
第3组：7 11 22 29 33 | 2 10
第4组：2 6 16 24 29 | 1 10
第5组：6 10 29 32 34 | 7 10
第6组：4 20 29 34 35 | 5 10

预测时间：2025/10/18 08:23:46
第1组：14 18 24 29 30 | 3 10
第2组：1 8 25 27 29 | 7 10
第3组：5 12 29 32 33 | 10 12
第4组：5 12 20 29 34 | 9 10
第5组：19 20 24 29 34 | 1 10
第6组：2 6 8 23 29 | 6 10

预测时间：2025/10/19 08:28:57
第1组：4 7 15 23 29 | 2 10
第2组：8 18 20 29 30 | 6 10
第3组：4 11 18 22 29 | 5 10
第4组：17 18 26 29 34 | 6 10
第5组：11 15 18 20 29 | 9 10
第6组：5 17 24 26 29 | 2 10

预测时间：2025/10/20 08:27:52
第1组：7 15 24 29 34 | 5 10
第2组：10 14 21 26 29 | 5 10
第3组：1 15 18 28 29 | 3 10
第4组：1 13 20 24 29 | 9 10
第5组：8 9 26 28 29 | 5 10
第6组：2 3 10 26 29 | 1 10

预测时间：2025/10/21 08:26:02
第1组：4 22 28 29 32 | 6 10
第2组：12 15 20 29 35 | 1 2
第3组：3 4 23 25 29 | 10 12
第4组：9 12 15 29 35 | 10 12
第5组：6 12 18 20 29 | 8 10
第6组：9 24 25 29 35 | 9 10

预测时间：2025/10/22 08:26:56
第1组：13 24 25 29 34 | 2 10
第2组：3 4 21 29 33 | 7 10
第3组：2 12 20 29 31 | 10 12
第4组：9 21 25 28 29 | 4 10
第5组：3 6 12 18 29 | 5 10
第6组：7 8 9 28 29 | 10 12

预测时间：2025/10/23 08:25:56
第1组：4 15 19 28 29 | 1 2
第2组：1 10 18 25 29 | 1 6
第3组：12 17 24 28 29 | 1 12
第4组：2 3 9 29 35 | 1 3
第5组：4 18 20 25 29 | 8 10
第6组：6 7 13 22 29 | 1 9

预测时间：2025/10/24 08:23:49
第1组：8 14 19 22 29 | 1 11
第2组：4 11 14 26 29 | 3 12
第3组：5 18 24 29 33 | 1 6
第4组：7 9 20 23 29 | 1 6
第5组：1 6 23 29 35 | 1 12
第6组：2 9 18 22 29 | 6 12

预测时间：2025/10/25 08:25:23
第1组：10 15 22 28 29 | 1 12
第2组：4 10 11 14 29 | 1 2
第3组：1 10 23 29 30 | 1 9
第4组：15 25 26 29 34 | 1 5
第5组：3 19 25 29 32 | 2 5
第6组：4 8 14 29 34 | 3 8

预测时间：2025/10/26 08:28:03
第1组：3 8 13 20 29 | 1 10
第2组：2 6 17 19 29 | 1 10
第3组：9 12 21 29 32 | 1 3
第4组：3 22 29 33 34 | 4 11
第5组：2 9 15 20 29 | 5 6
第6组：2 19 23 26 29 | 1 12

预测时间：2025/10/27 08:28:35
第1组：3 12 15 24 29 | 1 6
第2组：11 16 18 22 29 | 1 12
第3组：2 14 19 30 34 | 1 8
第4组：4 6 9 20 29 | 1 10
第5组：3 9 27 29 34 | 4 11
第6组：17 20 22 29 34 | 9 10

预测时间：2025/10/28 08:25:26
第1组：1 10 18 20 29 | 1 5
第2组：5 7 22 28 29 | 1 5
第3组：2 18 25 29 30 | 1 4
第4组：2 13 16 29 32 | 4 10
第5组：8 11 22 29 33 | 1 9
第6组：12 14 26 29 33 | 5 9

预测时间：2025/10/29 08:26:58
第1组：6 12 28 29 30 | 1 2
第2组：17 22 25 27 29 | 1 8
第3组：9 22 29 32 34 | 1 6
第4组：9 13 21 25 29 | 1 6
第5组：2 10 26 29 34 | 1 4
第6组：2 4 20 29 33 | 1 6

预测时间：2025/10/30 08:27:07
第1组：2 10 22 26 29 | 3 5
第2组：3 4 26 29 35 | 5 11
第3组：2 20 27 29 31 | 2 8
第4组：10 15 19 25 29 | 5 11
第5组：2 15 19 22 29 | 1 5
第6组：12 13 20 22 29 | 2 5

预测时间：2025/10/31 08:26:05
第1组：6 11 12 19 29 | 2 8
第2组：6 25 26 29 35 | 4 9
第3组：2 5 11 28 29 | 3 9
第4组：18 24 29 33 34 | 5 10
第5组：10 20 21 22 29 | 5 6
第6组：2 3 25 26 29 | 5 12

预测时间：2025/11/1 08:28:52
第1组：8 15 22 29 31 | 2 5
第2组：1 3 5 29 35 | 5 11
第3组：7 17 21 27 29 | 5 8
第4组：5 12 18 25 29 | 2 5
第5组：3 10 25 29 34 | 1 9
第6组：5 13 20 22 29 | 4 5

预测时间：2025/11/2 08:28:40
第1组：5 9 15 23 29 | 1 8
第2组：1 12 14 24 29 | 1 8
第3组：6 18 22 29 31 | 2 10
第4组：1 6 9 19 29 | 1 2
第5组：1 2 23 29 35 | 1 9
第6组：1 9 13 15 29 | 1 5

预测时间：2025/11/3 08:27:57
第1组：1 3 6 12 29 | 1 6
第2组：7 14 17 29 34 | 1 4
第3组：12 14 21 29 31 | 8 11
第4组：8 15 19 27 29 | 1 11
第5组：1 18 22 23 29 | 1 5
第6组：10 11 12 14 29 | 1 11

预测时间：2025/11/4 08:26:10
第1组：4 20 21 27 29 | 1 7
第2组：10 11 16 29 34 | 1 2
第3组：2 15 18 26 29 | 1 8
第4组：9 25 29 33 34 | 5 10
第5组：5 22 25 26 29 | 5 10
第6组：18 19 24 25 29 | 4 6

预测时间：2025/11/5 08:27:09
第1组：7 16 24 29 33 | 3 4
第2组：14 20 23 29 34 | 1 8
第3组：1 6 20 29 35 | 1 12
第4组：4 10 15 29 30 | 1 12
第5组：12 19 20 29 34 | 1 4
第6组：3 7 12 29 35 | 1 10

预测时间：2025/11/6 08:26:29
第1组：3 6 18 26 29 | 5 7
第2组：9 11 20 21 29 | 1 12
第3组：2 8 9 20 29 | 1 6
第4组：12 16 21 29 34 | 1 6
第5组：4 8 26 29 34 | 1 5
第6组：7 13 21 29 34 | 1 12

预测时间：2025/11/7 08:26:46
第1组：3 6 7 14 29 | 1 5
第2组：3 4 11 21 29 | 1 9
第3组：2 4 16 20 29 | 1 8
第4组：2 17 29 31 32 | 2 12
第5组：7 15 20 26 29 | 1 12
第6组：11 15 23 26 29 | 1 6

预测时间：2025/11/8 08:25:06
第1组：2 13 20 29 32 | 11 12
第2组：13 16 28 29 31 | 1 3
第3组：9 14 21 29 31 | 1 4
第4组：6 14 20 29 35 | 1 4
第5组：2 10 20 26 29 | 1 12
第6组：3 9 18 29 35 | 1 9

预测时间：2025/11/9 08:28:41
第1组：7 27 29 32 34 | 5 9
第2组：3 7 10 20 29 | 1 5
第3组：7 11 27 29 34 | 2 5
第4组：3 9 23 26 29 | 8 10
第5组：18 20 21 29 35 | 5 8
第6组：4 20 25 28 29 | 1 11

预测时间：2025/11/10 08:28:32
第1组：4 13 18 21 29 | 8 12
第2组：6 25 27 29 33 | 2 5
第3组：2 6 11 29 33 | 2 5
第4组：3 20 29 32 35 | 5 11
第5组：2 4 17 29 34 | 3 5
第6组：8 12 13 26 29 | 1 11

预测时间：2025/11/11 08:27:27
第1组：2 9 12 29 34 | 9 10
第2组：14 20 24 29 30 | 4 10
第3组：4 16 19 29 34 | 6 10
第4组：1 6 22 29 30 | 7 10
第5组：11 17 20 29 32 | 1 8
第6组：10 11 19 21 29 | 3 4

预测时间：2025/11/12 08:26:55
第1组：12 20 29 30 31 | 6 10
第2组：2 5 20 24 29 | 6 10
第3组：5 11 25 29 34 | 2 10
第4组：2 17 22 29 32 | 7 10
第5组：10 18 22 26 29 | 2 10
第6组：9 13 18 26 29 | 2 10

预测时间：2025/11/13 08:26:45
第1组：11 14 15 29 33 | 7 10
第2组：2 3 17 18 29 | 2 4
第3组：12 20 22 25 29 | 5 10
第4组：8 15 21 28 29 | 9 10
第5组：6 8 9 16 29 | 4 10
第6组：3 12 13 17 29 | 4 10

预测时间：2025/11/14 08:27:13
第1组：10 12 24 29 34 | 3 10
第2组：9 10 27 29 35 | 11 12
第3组：3 7 25 29 34 | 4 7
第4组：2 9 12 17 29 | 6 10
第5组：1 6 15 29 34 | 9 10
第6组：14 16 18 22 29 | 2 10

预测时间：2025/11/15 08:26:07
第1组：3 13 15 29 35 | 5 9
第2组：4 11 12 25 29 | 1 4
第3组：3 9 15 22 29 | 3 10
第4组：14 17 27 29 34 | 4 10
第5组：3 18 27 29 32 | 5 10
第6组：13 17 20 25 29 | 2 8

预测时间：2025/11/16 08:29:14
第1组：15 20 22 29 31 | 4 10
第2组：6 9 19 24 29 | 8 12
第3组：4 11 16 20 29 | 3 7
第4组：8 9 12 25 29 | 5 10
第5组：6 19 20 21 29 | 10 12
第6组：3 8 23 28 29 | 2 10

预测时间：2025/11/17 08:27:57
第1组：4 18 29 32 35 | 5 11
第2组：8 10 14 18 29 | 1 10
第3组：22 24 25 29 34 | 1 10
第4组：1 6 20 25 29 | 2 10
第5组：2 9 13 20 29 | 8 10
第6组：4 18 29 32 35 | 1 10

预测时间：2025/11/18 08:26:44
第1组：4 7 10 25 29 | 5 10
第2组：1 13 14 29 35 | 1 10
第3组：4 18 24 26 29 | 1 10
第4组：1 11 20 23 29 | 8 10
第5组：5 6 13 21 29 | 10 11
第6组：5 20 25 29 31 | 6 10

预测时间：2025/11/19 08:27:38
第1组：7 11 18 27 29 | 2 10
第2组：1 27 29 32 35 | 1 3
第3组：2 11 18 20 29 | 10 12
第4组：4 6 9 21 29 | 1 10
第5组：8 11 26 29 35 | 10 11
第6组：5 13 20 29 32 | 2 10

预测时间：2025/11/20 08:26:38
第1组：9 12 23 26 29 | 3 10
第2组：3 10 23 29 35 | 5 9
第3组：2 15 19 25 29 | 3 5
第4组：2 6 9 18 28 | 5 9
第5组：14 18 22 28 29 | 1 5
第6组：5 9 26 29 32 | 5 8

预测时间：2025/11/21 08:26:44
第1组：4 12 15 20 29 | 2 5
第2组：9 18 22 27 29 | 5 6
第3组：9 18 23 29 30 | 5 9
第4组：2 8 29 30 32 | 5 12
第5组：4 12 18 29 30 | 5 9
第6组：5 7 14 22 29 | 11 12

预测时间：2025/11/22 08:25:44
第1组：7 16 27 29 31 | 4 5
第2组：4 12 15 29 31 | 5 9
第3组：15 16 21 26 29 | 5 9
第4组：1 2 6 29 34 | 5 11
第5组：8 10 18 29 34 | 5 11
第6组：6 11 18 29 35 | 5 9

预测时间：2025/11/23 08:31:16
第1组：12 16 21 29 32 | 1 2
第2组：6 11 19 22 29 | 2 5
第3组：1 19 20 28 29 | 2 5
第4组：2 4 15 17 29 | 5 9
第5组：8 12 15 29 35 | 8 10
第6组：22 25 29 31 34 | 4 5

预测时间：2025/11/24 08:29:01
第1组：2 3 12 25 29 | 2 5
第2组：9 10 12 23 29 | 5 12
第3组：5 10 12 15 29 | 1 5
第4组：7 11 15 29 30 | 9 10
第5组：4 7 18 26 29 | 5 7
第6组：6 13 17 21 29 | 4 5

预测时间：2025/11/25 08:26:11
第1组：11 14 22 27 29 | 1 5
第2组：3 14 21 29 33 | 1 5
第3组：2 3 20 26 29 | 5 7
第4组：5 11 17 21 32 | 5 10
第5组：2 6 10 29 32 | 5 12
第6组：7 14 18 29 35 | 1 9

预测时间：2025/11/26 08:27:28
第1组：10 22 24 26 29 | 4 5
第2组：11 14 16 29 35 | 1 5
第3组：10 16 22 29 32 | 1 5
第4组：8 15 26 29 35 | 5 11
第5组：2 5 20 28 29 | 4 8
第6组：7 19 29 34 35 | 5 10

预测时间：2025/11/27 08:27:14
第1组：6 11 19 27 29 | 2 10
第2组：6 20 22 26 29 | 2 4
第3组：1 24 28 29 35 | 7 10
第4组：13 18 20 26 29 | 2 11
第5组：6 7 25 29 35 | 7 11
第6组：3 6 9 10 29 | 2 7

预测时间：2025/11/28 08:26:36
第1组：13 14 18 22 29 | 2 12
第2组：3 9 15 29 33 | 2 12
第3组：6 9 15 19 29 | 2 3
第4组：2 20 25 29 30 | 2 10
第5组：14 24 26 29 35 | 7 8
第6组：3 18 22 29 34 | 2 4

预测时间：2025/11/29 08:25:57
第1组：1 9 10 12 29 | 2 4
第2组：5 15 19 29 32 | 2 11
第3组：3 10 23 29 34 | 11 12
第4组：15 21 25 29 35 | 1 12
第5组：5 20 26 29 33 | 2 10
第6组：2 7 20 22 29 | 2 3

预测时间：2025/11/30 08:31:15
第1组：8 21 29 31 35 | 2 3
第2组：1 5 9 14 29 | 2 9
第3组：6 22 25 29 33 | 2 9
第4组：14 16 18 25 26 | 2 11
第5组：8 11 20 29 34 | 2 7
第6组：2 14 20 29 34 | 2 3

预测时间：2025/12/1 08:33:34
第1组：3 4 11 18 29 | 2 4
第2组：6 15 24 29 35 | 2 4
第3组：8 10 21 27 29 | 2 9
第4组：22 23 28 29 31 | 2 8
第5组：3 8 13 29 35 | 2 7
第6组：7 10 13 16 29 | 2 9

预测时间：2025/12/2 08:27:38
第1组：25 29 30 31 35 | 4 5
第2组：4 9 11 25 29 | 2 12
第3组：1 2 8 22 26 | 2 5
第4组：11 13 29 33 35 | 2 6
第5组：3 12 19 23 29 | 7 10
第6组：1 9 13 14 29 | 2 10

预测时间：2025/12/3 08:27:43
第1组：2 11 27 29 34 | 2 10
第2组：20 21 23 27 29 | 7 10
第3组：15 27 29 31 33 | 2 5
第4组：1 11 29 33 34 | 2 4
第5组：8 15 26 29 30 | 2 11
第6组：1 6 16 21 29 | 2 11

预测时间：2025/12/4 08:28:14
第1组：8 11 15 23 29 | 2 8
第2组：1 11 14 19 29 | 2 10
第3组：1 4 9 29 33 | 2 6
第4组：16 20 23 25 29 | 2 9
第5组：11 12 19 26 29 | 2 12
第6组：1 4 18 23 29 | 2 11

预测时间：2025/12/5 08:28:34
第1组：2 19 22 29 34 | 2 12
第2组：9 22 24 29 30 | 2 3
第3组：12 14 24 29 34 | 1 2
第4组：16 20 22 29 32 | 2 11
第5组：2 25 29 34 35 | 1 2
第6组：2 5 15 27 29 | 1 2

预测时间：2025/12/6 08:26:03
第1组：9 19 29 34 35 | 2 10
第2组：10 17 22 23 29 | 2 10
第3组：13 16 23 26 29 | 2 9
第4组：6 14 29 30 33 | 2 7
第5组：12 14 23 26 29 | 2 4
第6组：3 9 18 21 29 | 6 7

预测时间：2025/12/7 08:30:56
第1组：6 7 9 13 29 | 4 10
第2组：5 10 24 29 32 | 8 10
第3组：6 7 10 25 29 | 8 12
第4组：2 10 11 14 29 | 1 10
第5组：2 25 28 29 35 | 4 10
第6组：9 17 26 29 35 | 1 2

预测时间：2025/12/8 08:28:25
第1组：1 5 16 22 29 | 2 9
第2组：3 7 22 28 29 | 6 10
第3组：2 3 7 14 29 | 8 10
第4组：4 5 11 13 26 | 5 9
第5组：18 22 26 29 33 | 3 10
第6组：6 15 22 31 35 | 2 10

预测时间：2025/12/9 08:28:12
第1组：5 12 18 29 30 | 1 7
第2组：2 8 21 23 29 | 1 4
第3组：2 12 29 30 33 | 1 7
第4组：9 19 29 33 34 | 5 6
第5组：9 16 25 29 34 | 1 2
第6组：8 12 15 21 29 | 10 11

预测时间：2025/12/10 08:29:04
第1组：8 17 22 28 29 | 3 7
第2组：5 6 20 26 29 | 1 5
第3组：9 10 26 29 35 | 7 12
第4组：12 20 22 25 29 | 1 7
第5组：1 11 13 19 29 | 1 12
第6组：16 18 22 26 29 | 1 5

预测时间：2025/12/11 08:28:41
第1组：1 7 20 29 31 | 1 4
第2组：4 10 15 29 33 | 1 10
第3组：4 10 18 20 29 | 1 8
第4组：2 5 19 27 29 | 1 9
第5组：8 17 22 29 33 | 1 9
第6组：17 20 29 32 35 | 1 5

预测时间：2025/12/12 08:28:36
第1组：8 12 19 20 29 | 1 8
第2组：8 15 21 22 29 | 2 8
第3组：1 9 23 29 35 | 3 8
第4组：13 16 20 29 32 | 1 12
第5组：2 3 5 6 24 | 1 3
第6组：9 12 29 30 35 | 5 9

预测时间：2025/12/13 08:27:09
第1组：3 11 13 15 29 | 1 9
第2组：2 8 21 28 29 | 1 2
第3组：10 16 21 29 33 | 1 12
第4组：11 12 26 29 35 | 2 4
第5组：3 6 9 18 26 | 1 10
第6组：3 16 19 24 29 | 1 11

预测时间：2025/12/14 08:30:57
第1组：4 10 20 29 34 | 5 8
第2组：1 2 12 21 29 | 4 7
第3组：6 15 21 22 29 | 1 5
第4组：10 15 19 26 29 | 5 7
第5组：1 6 16 23 29 | 2 5
第6组：11 15 18 29 30 | 1 12

预测时间：2025/12/15 08:30:47
第1组：1 8 16 22 29 | 4 5
第2组：12 14 18 28 29 | 2 5
第3组：6 13 29 30 33 | 5 9
第4组：1 10 21 29 31 | 1 12
第5组：17 20 21 26 29 | 5 8
第6组：4 7 26 29 35 | 5 6

预测时间：2025/12/16 08:29:02
第1组：9 12 28 29 33 | 2 5
第2组：6 7 11 29 35 | 2 6
第3组：11 19 26 27 29 | 5 10
第4组：2 8 12 22 29 | 2 5
第5组：2 3 23 29 34 | 8 10
第6组：2 15 18 19 29 | 5 9

预测时间：2025/12/17 08:28:14
第1组：5 12 20 23 29 | 5 12
第2组：6 15 20 21 29 | 2 7
第3组：3 5 12 29 32 | 1 4
第4组：2 7 26 29 34 | 2 12
第5组：8 19 22 26 29 | 2 7
第6组：8 9 12 25 29 | 5 10

预测时间：2025/12/18 08:25:31
第1组：8 23 25 26 29 | 5 7
第2组：6 17 21 29 35 | 1 7
第3组：5 8 21 23 29 | 1 5
第4组：8 29 32 33 34 | 1 2
第5组：2 14 18 29 33 | 1 5
第6组：1 6 11 15 29 | 1 4

预测时间：2025/12/19 08:28:38
第1组：3 6 24 29 34 | 6 11
第2组：3 6 12 29 32 | 1 6
第3组：3 5 10 27 29 | 1 4
第4组：7 11 18 21 29 | 1 10
第5组：2 4 12 27 29 | 1 12
第6组：3 11 15 29 32 | 1 7

预测时间：2025/12/20 08:27:25
第1组：2 4 7 28 29 | 1 9
第2组：1 14 20 22 29 | 1 3
第3组：4 18 27 28 29 | 1 2
第4组：4 5 10 11 29 | 2 12
第5组：1 4 25 26 29 | 1 5
第6组：7 10 17 29 33 | 1 12

预测时间：2025/12/21 08:31:01
第1组：2 4 6 25 29 | 2 11
第2组：2 12 22 28 29 | 5 8
第3组：7 18 25 29 31 | 2 5
第4组：5 18 28 29 33 | 2 9
第5组：10 17 21 29 35 | 2 10
第6组：6 9 19 22 29 | 2 8

预测时间：2025/12/22 08:30:32
第1组：1 2 4 26 29 | 2 3
第2组：3 10 11 23 29 | 2 6
第3组：17 21 22 28 35 | 2 10
第4组：7 11 23 29 35 | 2 10
第5组：11 13 17 19 29 | 8 10
第6组：8 10 27 29 30 | 2 11

预测时间：2025/12/23 08:28:29
第1组：7 18 28 29 35 | 2 10
第2组：6 11 17 21 29 | 2 6
第3组：16 18 23 29 32 | 2 10
第4组：9 14 15 16 29 | 10 11
第5组：11 15 28 29 33 | 2 9
第6组：2 7 16 24 29 | 2 7

预测时间：2025/12/24 08:28:35
第1组：6 12 14 23 28 | 1 2
第2组：4 8 14 29 34 | 7 10
第3组：4 19 25 28 29 | 2 5
第4组：12 14 20 22 29 | 2 5
第5组：3 4 6 29 35 | 2 5
第6组：3 9 18 25 29 | 2 5

预测时间：2025/12/25 08:28:27
第1组：8 24 26 27 29 | 5 12
第2组：1 10 20 22 29 | 2 9
第3组：4 5 8 12 16 | 2 3
第4组：4 5 16 17 29 | 2 10
第5组：3 5 10 21 29 | 2 6
第6组：8 16 29 34 35 | 2 6

预测时间：2025/12/26 08:28:40
第1组：11 17 18 29 34 | 2 11
第2组：5 7 8 11 29 | 2 8
第3组：1 5 17 18 29 | 2 5
第4组：14 22 29 32 34 | 1 2
第5组：9 15 18 21 29 | 2 4
第6组：2 7 22 27 35 | 2 6

预测时间：2025/12/27 08:27:59
第1组：5 6 8 10 24 | 2 6
第2组：1 8 18 25 29 | 2 11
第3组：5 8 22 24 29 | 2 7
第4组：13 27 29 34 35 | 1 2
第5组：1 2 22 29 34 | 2 11
第6组：2 19 23 29 32 | 2 6

预测时间：2025/12/28 08:32:34
第1组：9 10 20 29 30 | 2 8
第2组：12 15 22 29 33 | 2 4
第3组：3 24 25 26 29 | 2 7
第4组：6 9 14 23 29 | 2 12
第5组：1 7 18 29 32 | 2 8
第6组：3 18 23 25 29 | 2 6

预测时间：2025/12/29 08:31:50
第1组：2 3 6 16 29 | 2 11
第2组：2 16 21 25 29 | 2 4
第3组：4 6 9 22 29 | 2 12
第4组：8 12 16 20 29 | 2 10
第5组：7 24 26 27 29 | 2 8
第6组：2 8 23 29 34 | 2 5

预测时间：2025/12/30 08:28:34
第1组：3 16 22 29 33 | 2 6
第2组：2 4 20 27 29 | 2 5
第3组：5 6 18 29 35 | 2 11
第4组：7 10 21 29 32 | 9 12
第5组：9 12 13 21 29 | 4 12
第6组：17 21 25 29 34 | 2 5

预测时间：2025/12/31 08:29:10
第1组：13 18 28 29 34 | 2 12
第2组：4 14 20 28 29 | 2 12
第3组：8 18 29 34 35 | 2 10
第4组：5 8 22 25 29 | 2 5
第5组：9 11 20 29 34 | 2 8
第6组：5 6 21 29 35 | 2 8

预测时间：2026/1/1 08:33:08
第1组：3 9 18 29 30 | 3 5
第2组：5 8 15 18 29 | 5 7
第3组：5 6 14 28 29 | 2 10
第4组：1 5 21 26 29 | 5 9
第5组：1 15 29 30 34 | 2 9
第6组：7 8 11 23 29 | 5 12

预测时间：2026/1/2 08:29:05
第1组：6 10 18 25 29 | 5 8
第2组：11 18 22 29 32 | 2 8
第3组：5 10 21 26 29 | 1 5
第4组：5 14 15 20 29 | 1 5
第5组：3 10 14 29 30 | 5 12
第6组：5 15 29 33 35 | 8 12

预测时间：2026/1/3 08:27:42
第1组：12 15 20 29 34 | 5 11
第2组：10 21 22 24 29 | 5 12
第3组：1 12 14 17 29 | 5 8
第4组：21 26 29 32 33 | 5 12
第5组：4 17 26 29 34 | 2 12
第6组：2 18 20 29 35 | 5 11

预测时间：2026/1/4 08:33:10
第1组：9 14 18 29 32 | 2 10
第2组：6 16 19 22 29 | 2 12
第3组：6 10 11 13 29 | 2 4
第4组：3 20 24 27 29 | 1 2
第5组：6 8 16 29 35 | 2 5
第6组：2 8 24 29 35 | 9 10

预测时间：2026/1/5 08:32:17
第1组：6 15 25 29 35 | 4 8
第2组：6 10 22 27 29 | 2 6
第3组：18 21 28 29 30 | 2 9
第4组：10 12 22 24 29 | 2 7
第5组：1 6 11 18 29 | 2 7
第6组：3 11 14 22 29 | 2 11

预测时间：2026/1/6 08:29:22
第1组：3 15 21 29 35 | 2 7
第2组：8 10 23 28 29 | 1 4
第3组：4 10 16 29 34 | 2 11
第4组：5 14 18 19 29 | 2 7
第5组：2 8 15 29 33 | 2 7
第6组：11 12 20 24 29 | 3 9

预测时间：2026/1/7 08:28:37
第1组：3 8 20 29 32 | 2 11
第2组：8 22 27 29 34 | 2 4
第3组：8 11 22 29 35 | 2 9
第4组：15 19 26 29 35 | 2 9
第5组：4 7 16 27 29 | 2 5
第6组：3 14 18 22 29 | 2 12

预测时间：2026/1/8 08:29:31
第1组：3 12 19 20 29 | 2 8
第2组：9 15 16 29 31 | 2 11
第3组：1 11 15 29 34 | 2 11
第4组：1 11 20 29 35 | 3 10
第5组：3 19 25 29 35 | 2 8
第6组：5 22 29 30 32 | 2 7

预测时间：2026/1/9 08:29:21
第1组：14 15 29 33 35 | 7 8
第2组：1 3 11 19 29 | 2 12
第3组：9 14 22 25 29 | 2 11
第4组：4 5 10 22 29 | 4 7
第5组：7 19 24 29 34 | 2 7
第6组：1 11 18 29 31 | 2 5

预测时间：2026/1/10 08:28:50
第1组：1 6 23 29 33 | 2 12
第2组：1 5 21 22 29 | 2 9
第3组：10 20 24 29 34 | 2 9
第4组：3 4 11 16 29 | 2 8
第5组：7 11 29 30 32 | 1 7
第6组：1 6 7 8 29 | 2 5

预测时间：2026/1/11 08:32:59
第1组：5 7 12 21 29 | 5 10
第2组：6 16 21 29 34 | 6 10
第3组：14 17 29 31 34 | 4 5
第4组：2 3 14 15 29 | 5 9
第5组：4 9 14 27 29 | 10 11
第6组：11 25 27 29 32 | 2 5

预测时间：2026/1/12 08:31:15
第1组：11 18 22 25 29 | 1 7
第2组：22 26 29 32 35 | 5 7
第3组：18 23 29 32 35 | 5 9
第4组：5 8 25 29 31 | 5 7
第5组：5 6 12 16 29 | 5 11
第6组：2 5 15 17 29 | 5 11

预测时间：2026/1/13 08:25:16
第1组：16 19 21 24 29 | 2 5
第2组：8 12 25 26 29 | 1 5
第3组：6 21 29 32 34 | 7 12
第4组：5 6 15 20 29 | 5 12
第5组：3 5 11 29 32 | 5 7
第6组：2 9 11 12 29 | 5 9

预测时间：2026/1/14 08:30:05
第1组：5 10 14 29 33 | 5 9
第2组：2 10 13 19 29 | 5 8
第3组：3 7 12 21 29 | 5 10
第4组：2 8 10 13 29 | 4 10
第5组：1 15 25 26 29 | 5 12
第6组：6 10 20 22 29 | 5 9

预测时间：2026/1/15 08:27:15
第1组：8 10 14 29 34 | 1 4
第2组：16 17 18 22 29 | 8 9
第3组：5 8 9 22 29 | 2 8
第4组：1 8 20 24 29 | 2 8
第5组：3 17 26 29 35 | 2 12
第6组：2 3 19 25 29 | 2 3

预测时间：2026/1/16 08:30:10
第1组：7 14 15 23 29 | 9 12
第2组：1 21 29 32 33 | 2 8
第3组：10 17 18 29 34 | 2 3
第4组：3 13 24 29 33 | 2 10
第5组：7 10 20 29 35 | 2 9
第6组：5 7 20 22 29 | 3 12

预测时间：2026/1/17 08:27:57
第1组：8 14 28 29 34 | 2 6
第2组：9 11 27 29 32 | 5 10
第3组：2 14 20 29 34 | 1 5
第4组：2 8 18 22 29 | 2 12
第5组：2 14 23 25 29 | 2 8
第6组：3 4 9 24 29 | 2 6

预测时间：2026/1/18 08:32:22
第1组：13 14 16 29 34 | 2 4
第2组：6 9 16 29 32 | 5 12
第3组：4 8 10 22 29 | 2 12
第4组：5 18 23 24 29 | 2 11
第5组：3 7 8 29 34 | 2 3
第6组：13 26 29 33 34 | 2 8

预测时间：2026/1/19 08:31:28
第1组：5 20 22 29 33 | 2 3
第2组：1 4 9 23 29 | 2 7
第3组：12 26 27 28 29 | 2 6
第4组：1 8 18 25 29 | 2 12
第5组：4 14 15 17 29 | 2 8
第6组：2 7 18 29 34 | 3 10

预测时间：2026/1/20 08:28:54
第1组：5 12 17 29 33 | 2 5
第2组：15 16 19 20 29 | 2 7
第3组：1 3 7 29 34 | 4 9
第4组：4 14 18 29 33 | 2 7
第5组：1 12 23 27 29 | 2 12
第6组：4 11 25 29 35 | 2 10

预测时间：2026/1/21 08:30:25
第1组：5 14 19 29 33 | 2 10
第2组：20 22 24 25 29 | 1 2
第3组：8 23 28 29 33 | 2 9
第4组：12 20 22 24 29 | 2 7
第5组：3 6 18 28 29 | 5 8
第6组：6 8 11 25 29 | 2 6

预测时间：2026/1/22 08:31:03
第1组：8 12 18 28 29 | 5 11
第2组：15 19 22 29 31 | 1 5
第3组：2 13 18 25 29 | 5 9
第4组：3 6 8 29 35 | 1 5
第5组：4 5 7 15 29 | 5 6
第6组：8 18 27 29 35 | 2 5

预测时间：2026/1/23 08:29:59
第1组：15 29 31 32 35 | 1 12
第2组：4 15 22 29 34 | 2 8
第3组：2 3 4 5 29 | 5 12
第4组：7 12 24 25 29 | 5 10
第5组：8 9 21 27 29 | 2 5
第6组：11 18 21 29 33 | 5 10

预测时间：2026/1/24 08:28:28
第1组：3 10 20 29 31 | 5 12
第2组：6 14 17 24 29 | 2 5
第3组：7 11 27 29 33 | 9 12
第4组：7 9 13 19 29 | 4 5
第5组：4 11 16 29 35 | 5 9
第6组：5 6 8 23 29 | 2 5

预测时间：2026/1/25 08:32:55
第1组：8 17 20 26 29 | 10 11
第2组：13 17 21 23 29 | 5 9
第3组：2 9 26 29 32 | 5 12
第4组：4 7 15 26 29 | 4 5
第5组：3 6 11 26 29 | 1 5
第6组：6 9 15 23 29 | 2 5

预测时间：2026/1/26 08:32:20
第1组：4 8 20 25 29 | 5 10
第2组：3 5 15 29 35 | 7 12
第3组：7 9 21 29 31 | 2 5
第4组：1 2 5 12 29 | 1 5
第5组：6 14 15 20 29 | 5 9
第6组：20 23 25 29 35 | 5 8

预测时间：2026/1/27 08:31:26
第1组：8 10 17 29 35 | 1 7
第2组：11 16 28 29 30 | 1 5
第3组：2 9 20 23 29 | 9 10
第4组：7 16 18 26 29 | 5 12
第5组：4 16 25 29 34 | 5 9
第6组：5 14 20 24 29 | 4 5

预测时间：2026/1/28 08:30:11
第1组：9 25 29 32 34 | 2 5
第2组：18 19 22 23 29 | 5 10
第3组：2 5 22 29 35 | 1 5
第4组：4 10 12 24 29 | 1 8
第5组：2 7 12 20 29 | 2 5
第6组：9 15 27 29 34 | 5 9

预测时间：2026/1/29 08:33:52
第1组：10 11 26 29 32 | 5 8
第2组：2 3 9 26 29 | 5 10
第3组：23 26 29 31 35 | 1 5
第4组：6 7 18 29 34 | 5 12
第5组：7 19 25 27 29 | 5 9
第6组：1 13 21 29 33 | 4 5

预测时间：2026/1/30 08:34:11
第1组：5 20 23 29 32 | 4 5
第2组：8 9 18 19 29 | 1 5
第3组：2 9 17 29 31 | 3 12
第4组：9 13 28 29 34 | 7 11
第5组：4 5 9 29 34 | 2 7
第6组：1 2 18 22 29 | 7 12

预测时间：2026/1/31 08:32:56
第1组：1 6 23 29 33 | 1 6
第2组：4 5 15 18 29 | 5 8
第3组：9 15 20 26 29 | 5 10
第4组：12 13 20 29 33 | 1 10
第5组：7 8 9 26 29 | 6 11
第6组：6 15 21 29 30 | 3 5

预测时间：2026/2/1 08:40:47
第1组：9 12 16 19 29 | 5 8
第2组：8 13 15 21 29 | 5 8
第3组：1 21 23 26 29 | 11 12
第4组：6 9 14 21 29 | 5 8
第5组：2 14 18 29 35 | 5 12
第6组：8 9 13 29 32 | 2 5

预测时间：2026/2/2 08:36:14
第1组：11 20 21 26 29 | 1 4
第2组：19 24 29 30 32 | 5 12
第3组：6 9 27 29 32 | 4 5
第4组：3 4 7 15 29 | 5 9
第5组：21 22 26 29 33 | 5 12
第6组：7 11 15 25 29 | 5 12

预测时间：2026/2/3 08:36:26
第1组：2 11 12 16 29 | 5 8
第2组：4 9 29 32 35 | 1 5
第3组：19 21 29 32 35 | 5 10
第4组：8 12 18 29 33 | 1 5
第5组：6 18 20 23 29 | 5 6
第6组：2 6 9 11 29 | 1 5

预测时间：2026/2/4 08:32:49
第1组：7 10 26 29 32 | 5 9
第2组：10 12 15 18 29 | 3 5
第3组：1 2 8 25 29 | 3 5
第4组：13 15 20 29 33 | 5 12
第5组：5 21 29 32 35 | 8 9
第6组：6 10 22 28 29 | 5 10

预测时间：2026/2/5 08:36:22
第1组：8 9 11 29 31 | 5 6
第2组：2 7 12 26 29 | 4 10
第3组：15 26 27 29 34 | 5 6
第4组：5 19 21 25 29 | 5 10
第5组：11 14 18 22 29 | 5 8
第6组：4 9 11 18 29 | 1 5

预测时间：2026/2/6 08:33:20
第1组：11 13 14 29 32 | 4 11
第2组：2 8 16 20 29 | 4 5
第3组：18 21 24 27 29 | 5 8
第4组：2 21 22 24 29 | 1 5
第5组：2 8 18 27 29 | 5 12
第6组：3 5 13 18 29 | 1 8

预测时间：2026/2/7 08:34:22
第1组：2 3 16 20 29 | 2 5
第2组：11 23 26 29 35 | 4 8
第3组：9 16 18 27 29 | 2 5
第4组：3 13 15 29 32 | 2 5
第5组：8 11 23 26 29 | 5 6
第6组：7 9 23 29 32 | 9 12

预测时间：2026/2/8 08:44:57
第1组：3 14 19 27 29 | 2 7
第2组：1 2 3 27 29 | 2 4
第3组：12 22 28 29 32 | 2 8
第4组：7 13 16 25 29 | 2 10
第5组：6 10 11 15 29 | 2 5
第6组：18 23 29 33 35 | 2 10

预测时间：2026/2/9 08:37:11
第1组：2 11 20 29 31 | 2 7
第2组：1 20 26 27 29 | 2 7
第3组：3 4 15 21 29 | 1 2
第4组：3 11 15 29 34 | 2 7
第5组：14 15 19 24 29 | 2 8
第6组：8 19 25 28 29 | 6 12

预测时间：2026/2/10 08:42:18
第1组：8 15 27 29 32 | 2 11
第2组：2 9 10 29 31 | 2 8
第3组：1 6 12 15 27 | 9 11
第4组：5 18 23 29 35 | 2 7
第5组：2 3 6 18 29 | 2 8
第6组：13 20 23 29 32 | 2 11

预测时间：2026/2/11 08:41:12
第1组：8 13 21 25 29 | 2 10
第2组：3 9 20 27 29 | 2 5
第3组：8 11 18 20 29 | 2 10
第4组：1 7 8 18 29 | 2 6
第5组：6 7 17 29 34 | 2 11
第6组：2 9 13 29 30 | 2 6

预测时间：2026/2/12 08:36:06
第1组：2 5 12 16 29 | 2 3
第2组：8 18 29 33 35 | 2 6
第3组：11 13 24 29 31 | 2 9
第4组：9 11 22 29 33 | 7 8
第5组：2 6 9 14 29 | 2 11
第6组：9 11 13 26 29 | 2 12

预测时间：2026/2/13 08:38:17
第1组：5 7 13 14 29 | 4 6
第2组：1 8 29 31 35 | 2 4
第3组：10 12 20 23 29 | 2 11
第4组：2 14 18 21 29 | 2 5
第5组：9 13 17 27 29 | 2 10
第6组：1 21 25 29 34 | 2 10

预测时间：2026/2/14 08:35:35
第1组：17 20 25 29 33 | 2 6
第2组：11 12 20 22 29 | 9 10
第3组：8 10 14 29 32 | 2 9
第4组：8 23 25 29 35 | 2 3
第5组：3 8 11 27 29 | 2 5
第6组：2 16 23 29 33 | 2 8

预测时间：2026/2/15 08:38:29
第1组：9 12 15 21 28 | 1 2
第2组：2 11 18 29 35 | 2 9
第3组：1 8 22 29 31 | 2 6
第4组：3 8 16 29 35 | 2 7
第5组：6 16 24 26 29 | 2 6
第6组：1 6 8 11 29 | 2 12

预测时间：2026/2/16 08:36:43
第1组：15 16 18 27 29 | 2 12
第2组：6 15 21 29 33 | 2 9
第3组：2 6 8 22 29 | 2 5
第4组：8 10 18 22 29 | 2 6
第5组：1 7 22 29 34 | 2 10
第6组：6 11 29 33 34 | 1 2

预测时间：2026/2/17 08:36:22
第1组：14 19 20 29 35 | 2 12
第2组：4 5 12 22 29 | 2 12
第3组：3 7 17 22 29 | 2 6
第4组：3 8 23 29 30 | 2 12
第5组：2 9 13 16 29 | 2 8
第6组：11 12 28 29 32 | 5 8

预测时间：2026/2/18 08:36:26
第1组：2 8 14 28 29 | 1 2
第2组：5 12 21 29 34 | 2 6
第3组：2 4 23 25 29 | 2 6
第4组：8 15 21 23 29 | 5 11
第5组：8 11 18 23 29 | 2 11
第6组：4 14 17 28 29 | 2 8

预测时间：2026/2/19 08:37:17
第1组：3 10 27 29 32 | 6 12
第2组：7 20 27 29 33 | 1 2
第3组：9 12 13 15 29 | 2 3
第4组：5 24 29 34 35 | 2 11
第5组：18 21 22 23 29 | 2 5
第6组：5 12 19 25 29 | 8 12

预测时间：2026/2/20 08:33:46
第1组：21 29 32 33 35 | 1 2
第2组：11 14 22 27 29 | 2 9
第3组：5 9 20 22 29 | 2 4
第4组：10 16 26 28 29 | 2 12
第5组：3 5 13 14 29 | 2 5
第6组：1 9 14 22 29 | 2 9

预测时间：2026/2/21 08:34:18
第1组：8 14 27 29 33 | 10 11
第2组：4 7 11 21 29 | 2 5
第3组：9 20 29 30 33 | 2 6
第4组：6 9 16 24 29 | 2 6
第5组：12 28 29 31 34 | 1 8
第6组：1 4 12 15 29 | 9 12

预测时间：2026/2/22 08:36:50
第1组：1 21 28 29 33 | 2 8
第2组：2 5 7 22 29 | 1 5
第3组：4 9 11 13 29 | 2 6
第4组：7 8 13 17 29 | 2 5
第5组：7 23 26 27 29 | 2 11
第6组：3 11 20 24 29 | 5 6

预测时间：2026/2/23 08:36:42
第1组：8 13 19 29 33 | 2 4
第2组：18 22 27 29 32 | 2 7
第3组：5 19 29 32 35 | 2 10
第4组：5 8 11 26 29 | 2 10
第5组：5 18 24 29 35 | 4 9
第6组：8 9 10 13 29 | 1 2

预测时间：2026/2/24 08:33:59
第1组：6 9 13 17 29 | 1 2
第2组：7 8 19 29 35 | 1 2
第3组：13 14 21 27 29 | 2 7
第4组：3 10 27 29 32 | 2 12
第5组：4 9 23 29 32 | 2 6
第6组：9 16 20 21 29 | 2 10

预测时间：2026/2/25 08:38:24
第1组：13 25 29 31 34 | 2 12
第2组：11 28 29 31 35 | 2 9
第3组：9 15 18 23 29 | 2 5
第4组：7 12 23 26 29 | 2 8
第5组：3 11 21 29 35 | 2 6
第6组：5 13 17 21 35 | 1 5

预测时间：2026/2/26 08:33:34
第1组：12 15 20 29 34 | 2 8
第2组：1 3 5 29 34 | 2 9
第3组：1 5 21 29 30 | 2 11
第4组：4 15 19 25 29 | 2 11
第5组：4 7 12 13 29 | 2 8
第6组：19 21 22 29 33 | 6 11

预测时间：2026/2/27 08:35:57
第1组：3 21 25 29 33 | 2 8
第2组：2 8 11 28 29 | 2 11
第3组：4 8 9 29 32 | 2 11
第4组：18 21 24 26 29 | 2 5
第5组：9 10 15 29 33 | 2 12
第6组：7 12 18 22 29 | 1 7

预测时间：2026/2/28 08:31:30
第1组：2 11 16 21 29 | 2 4
第2组：1 14 22 23 29 | 2 4
第3组：2 16 20 23 29 | 2 5
第4组：6 11 12 20 29 | 8 12
第5组：2 3 16 28 29 | 2 7
第6组：6 8 25 28 29 | 2 9

预测时间：2026/3/1 08:40:14
第1组：2 17 20 22 29 | 2 10
第2组：11 12 25 29 34 | 2 6
第3组：1 10 28 29 34 | 2 9
第4组：6 14 25 26 29 | 2 5
第5组：2 7 8 22 29 | 2 12
第6组：15 18 20 29 35 | 1 2

预测时间：2026/3/2 08:35:17
第1组：5 10 24 29 35 | 1 2
第2组：6 7 15 19 29 | 2 7
第3组：1 2 5 20 29 | 2 9
第4组：3 12 15 22 29 | 2 5
第5组：9 15 21 29 32 | 9 11
第6组：5 11 26 29 35 | 2 11

预测时间：2026/3/3 08:36:14
第1组：2 8 10 25 29 | 2 3
第2组：12 13 16 22 29 | 2 10
第3组：10 11 21 29 33 | 2 6
第4组：2 5 8 27 29 | 10 11
第5组：8 18 21 26 29 | 5 9
第6组：13 16 19 29 34 | 2 5

预测时间：2026/3/4 08:34:45
第1组：3 9 16 29 31 | 2 10
第2组：1 16 26 29 33 | 2 9
第3组：2 14 25 29 32 | 1 2
第4组：11 12 15 22 29 | 2 10
第5组：5 9 11 18 29 | 2 7
第6组：11 21 26 29 34 | 2 6

预测时间：2026/3/5 08:35:48
第1组：3 14 19 28 29 | 2 6
第2组：1 5 15 19 29 | 2 6
第3组：2 5 23 26 29 | 2 9
第4组：9 12 21 27 29 | 2 10
第5组：9 15 26 29 32 | 2 10
第6组：13 18 23 32 33 | 2 7

预测时间：2026/3/6 08:20:10
第1组：2 6 9 28 29 | 2 9
第2组：1 7 12 24 29 | 2 5
第3组：3 9 20 21 27 | 2 9
第4组：8 16 21 29 34 | 3 8
第5组：3 13 23 28 29 | 2 10
第6组：9 13 14 29 35 | 9 12

预测时间：2026/3/7 08:14:22
第1组：9 15 20 29 34 | 2 12
第2组：2 7 16 22 29 | 2 6
第3组：5 10 11 19 29 | 2 10
第4组：5 10 11 23 29 | 3 5
第5组：1 10 15 28 29 | 2 9
第6组：21 25 26 29 35 | 2 10

预测时间：2026/3/8 08:14:22
第1组：4 5 9 14 21 | 2 3
第2组：2 9 18 20 32 | 2 8
第3组：6 9 24 32 34 | 2 8
第4组：1 2 13 23 29 | 2 8
第5组：6 9 13 16 22 | 2 5
第6组：9 12 18 22 33 | 2 9

预测时间：2026/3/9 08:14:27
第1组：1 2 9 21 25 | 2 5
第2组：7 9 12 23 29 | 6 11
第3组：2 3 4 9 22 | 2 10
第4组：9 12 17 26 35 | 2 8
第5组：4 9 11 14 34 | 2 11
第6组：3 5 9 19 29 | 3 8

预测时间：2026/3/10 08:12:09
第1组：4 5 6 9 16 | 2 10
第2组：3 9 10 22 34 | 2 12
第3组：9 12 15 24 30 | 2 12
第4组：7 9 13 15 18 | 10 12
第5组：2 9 24 30 35 | 4 5
第6组：1 3 9 11 12 | 2 8

预测时间：2026/3/11 08:12:44
第1组：9 15 23 26 27 | 1 5
第2组：3 9 14 20 32 | 4 7
第3组：7 9 14 23 31 | 2 4
第4组：1 9 13 14 28 | 1 2
第5组：1 9 20 28 30 | 2 7
第6组：9 12 21 29 35 | 2 10

预测时间：2026/3/12 08:13:31
第1组：4 14 20 29 34 | 2 7
第2组：6 9 11 26 29 | 3 9
第3组：9 21 23 24 29 | 2 6
第4组：6 12 18 20 29 | 2 9
第5组：2 8 17 27 29 | 2 5
第6组：12 13 16 25 29 | 2 12

预测时间：2026/3/13 08:14:54
第1组：7 8 15 29 31 | 2 8
第2组：7 16 17 26 29 | 1 2
第3组：2 18 22 29 34 | 2 5
第4组：1 11 14 27 29 | 2 9
第5组：3 6 10 12 29 | 2 12
第6组：1 18 23 26 29 | 2 6

预测时间：2026/3/14 08:14:59
第1组：7 9 14 18 29 | 2 11
第2组：1 5 16 20 29 | 2 11
第3组：18 20 29 32 35 | 2 6
第4组：21 24 29 31 34 | 2 4
第5组：2 3 23 26 29 | 9 12
第6组：4 8 13 29 35 | 2 7

预测时间：2026/3/15 08:17:09
第1组：3 7 13 29 33 | 4 6
第2组：9 13 15 29 35 | 3 5
第3组：8 19 24 29 32 | 5 10
第4组：2 9 14 29 32 | 5 6
第5组：1 7 10 23 24 | 2 5
第6组：3 4 11 29 32 | 2 5

预测时间：2026/3/16 08:18:19
第1组：3 7 16 29 30 | 10 11
第2组：2 10 24 29 34 | 4 6
第3组：7 16 20 29 32 | 5 11
第4组：6 19 23 29 32 | 4 9
第5组：2 10 15 22 29 | 1 5
第6组：2 9 10 29 35 | 5 10

预测时间：2026/3/17 08:15:57
第1组：1 7 9 14 17 | 3 5
第2组：9 15 16 18 32 | 2 5
第3组：9 10 23 28 30 | 5 11
第4组：3 9 20 32 35 | 5 8
第5组：9 23 27 31 33 | 5 10
第6组：3 9 12 13 34 | 5 9

预测时间：2026/3/18 08:16:52
第1组：2 9 14 18 24 | 3 5
第2组：6 9 14 21 28 | 5 10
第3组：9 13 22 23 31 | 2 5
第4组：9 12 15 23 27 | 5 11
第5组：8 9 21 31 35 | 1 3
第6组：6 9 16 21 34 | 5 6

预测时间：2026/3/19 08:16:35
第1组：4 9 15 18 19 | 5 11
第2组：2 9 10 12 28 | 5 11
第3组：6 9 15 20 23 | 2 5
第4组：9 27 29 32 35 | 6 11
第5组：4 6 9 14 35 | 5 8
第6组：9 12 13 15 22 | 5 10

预测时间：2026/3/20 08:16:05
第1组：9 14 19 27 31 | 4 10
第2组：3 5 9 24 29 | 5 6
第3组：8 9 12 16 20 | 5 8
第4组：9 12 24 28 34 | 5 9
第5组：8 9 19 29 32 | 11 12
第6组：1 9 17 25 30 | 1 5

预测时间：2026/3/21 08:14:48
第1组：9 13 26 27 33 | 2 5
第2组：8 9 12 14 17 | 1 5
第3组：4 9 26 27 31 | 2 5
第4组：6 9 13 23 26 | 7 10
第5组：1 4 6 9 29 | 3 5
第6组：7 9 20 31 35 | 5 11

预测时间：2026/3/22 08:15:52
第1组：8 9 12 18 25 | 5 8
第2组：6 9 16 24 33 | 3 10
第3组：8 9 20 26 28 | 5 10
第4组：4 9 21 23 29 | 5 6
第5组：9 26 32 33 35 | 4 5
第6组：4 9 17 18 28 | 2 5

预测时间：2026/3/23 08:17:30
第1组：8 9 19 24 28 | 5 6
第2组：4 5 9 23 35 | 5 8
第3组：9 12 16 29 33 | 6 11
第4组：3 9 12 21 22 | 5 8
第5组：9 25 30 34 35 | 4 9
第6组：2 5 9 15 21 | 10 12

预测时间：2026/3/24 08:14:17
第1组：10 23 29 34 35 | 2 5
第2组：10 16 19 29 30 | 3 7
第3组：5 6 21 23 29 | 10 12
第4组：1 9 10 26 29 | 5 11
第5组：4 5 15 20 29 | 9 12
第6组：1 8 9 29 35 | 5 9

预测时间：2026/3/25 08:16:25
第1组：5 6 16 20 29 | 1 5
第2组：7 14 28 29 35 | 5 9
第3组：5 6 13 16 29 | 5 12
第4组：3 16 24 29 33 | 3 5
第5组：2 3 8 12 29 | 4 11
第6组：6 16 19 29 31 | 5 7

预测时间：2026/3/26 08:18:24
第1组：3 7 19 29 35 | 10 12
第2组：3 4 15 29 32 | 5 7
第3组：10 16 22 25 29 | 5 11
第4组：4 7 13 21 29 | 3 5
第5组：9 14 17 21 29 | 5 10
第6组：6 12 22 29 32 | 2 5

预测时间：2026/3/27 08:18:02
第1组：6 16 18 29 33 | 3 5
第2组：3 15 23 29 34 | 5 11
第3组：5 7 14 20 29 | 2 9
第4组：5 17 18 25 29 | 5 8
第5组：7 10 16 29 35 | 1 3
第6组：2 10 23 29 32 | 5 12

预测时间：2026/3/28 08:16:16
第1组：4 20 29 31 33 | 2 5
第2组：1 6 7 16 29 | 6 7
第3组：6 14 15 28 29 | 2 5
第4组：3 20 21 29 35 | 5 9
第5组：7 24 25 29 35 | 2 11
第6组：14 18 21 29 33 | 5 12

预测时间：2026/3/29 08:17:56
第1组：9 11 19 25 33 | 1 7
第2组：7 9 18 20 27 | 1 12
第3组：5 9 16 19 28 | 1 2
第4组：6 9 13 23 26 | 1 7
第5组：1 3 9 20 30 | 1 8
第6组：9 19 23 25 33 | 1 4

预测时间：2026/3/30 08:18:30
第1组：6 9 15 18 34 | 1 9
第2组：9 14 20 32 33 | 1 5
第3组：9 12 18 26 29 | 1 9
第4组：2 5 9 23 26 | 1 3
第5组：3 9 11 30 35 | 1 7
第6组：1 9 10 15 31 | 1 5

预测时间：2026/3/31 08:18:25
第1组：12 16 24 27 29 | 6 10
第2组：20 29 32 33 35 | 1 2
第3组：3 10 15 27 29 | 4 8
第4组：2 3 27 29 35 | 1 7
第5组：14 16 29 32 34 | 1 9
第6组：2 4 5 9 29 | 1 5

预测时间：2026/4/1 08:20:04
第1组：1 5 8 28 29 | 1 10
第2组：15 20 23 29 30 | 1 7
第3组：5 10 19 29 34 | 6 8
第4组：4 12 28 29 32 | 1 9
第5组：8 11 24 25 29 | 1 7
第6组：3 20 29 32 35 | 4 12

预测时间：2026/4/2 08:16:52
第1组：4 8 22 27 29 | 5 7
第2组：17 18 23 28 29 | 3 5
第3组：7 9 17 18 29 | 3 5
第4组：4 13 25 29 34 | 5 9
第5组：4 12 13 26 29 | 5 11
第6组：1 19 26 29 35 | 1 5

预测时间：2026/4/3 08:18:11
第1组：11 15 18 29 35 | 4 5
第2组：3 6 13 29 30 | 5 8
第3组：20 22 29 31 32 | 5 6
第4组：3 9 25 27 29 | 5 8
第5组：2 7 8 20 29 | 5 9
第6组：6 10 13 18 29 | 1 9

预测时间：2026/4/4 08:17:11
第1组：6 12 14 16 29 | 5 6
第2组：5 10 17 28 29 | 5 8
第3组：3 5 7 29 33 | 1 6
第4组：9 20 21 23 29 | 1 5
第5组：3 5 6 15 29 | 5 12
第6组：3 19 25 29 33 | 5 10

预测时间：2026/4/5 08:18:10
第1组：11 18 23 29 31 | 2 5
第2组：8 12 15 26 29 | 5 11
第3组：9 14 18 20 29 | 2 5
第4组：3 10 22 29 34 | 10 11
第5组：8 23 26 29 32 | 5 8
第6组：6 12 15 29 32 | 2 5

预测时间：2026/4/6 08:19:04
第1组：7 13 17 29 32 | 5 8
第2组：16 19 23 26 29 | 1 5
第3组：1 5 7 12 29 | 5 8
第4组：1 10 18 21 29 | 5 12
第5组：3 19 22 29 34 | 2 5
第6组：15 25 29 32 33 | 5 8

预测时间：2026/4/7 08:19:29
第1组：8 9 12 24 29 | 5 7
第2组：2 19 22 26 29 | 2 5
第3组：1 8 14 16 29 | 5 12
第4组：2 7 26 27 29 | 5 9
第5组：5 13 22 23 29 | 9 10
第6组：11 15 16 29 31 | 5 11

预测时间：2026/4/8 08:20:01
第1组：6 12 14 29 31 | 4 5
第2组：7 8 9 13 29 | 2 8
第3组：2 21 29 32 34 | 5 8
第4组：2 8 13 24 25 | 5 11
第5组：4 23 26 29 35 | 5 9
第6组：13 15 21 28 29 | 2 5

预测时间：2026/4/9 08:15:52
第1组：5 14 18 21 29 | 3 10
第2组：26 29 30 32 34 | 8 11
第3组：2 9 17 29 33 | 1 5
第4组：4 11 13 24 29 | 5 6
第5组：1 8 14 26 29 | 3 5
第6组：4 5 24 29 35 | 5 6

预测时间：2026/4/10 08:18:53
第1组：9 11 17 28 29 | 4 5
第2组：2 14 25 29 33 | 7 10
第3组：7 8 20 29 33 | 3 4
第4组：3 13 25 26 29 | 5 11
第5组：3 9 16 29 35 | 2 5
第6组：7 10 14 22 29 | 5 8

预测时间：2026/4/11 08:18:00
第1组：10 16 24 29 30 | 4 5
第2组：4 9 15 25 29 | 4 5
第3组：3 21 28 29 32 | 4 5
第4组：17 18 21 23 29 | 1 5
第5组：3 12 13 22 29 | 5 11
第6组：4 13 28 29 34 | 5 12

预测时间：2026/4/12 08:20:19
第1组：5 9 14 18 29 | 1 5
第2组：1 9 17 23 24 | 5 8
第3组：9 16 18 28 32 | 4 5
第4组：6 9 19 24 32 | 2 5
第5组：1 3 16 19 27 | 5 8
第6组：3 9 15 28 31 | 5 8

