预测时间：2025/4/7 17:08:55
第1组：3 8 16 22 23 24 | 11
第2组：6 7 8 16 18 19 | 11
第3组：4 11 16 19 25 30 | 6
第4组：11 12 16 21 24 32 | 11
第5组：1 8 13 15 16 33 | 11
第6组：9 16 21 24 29 31 | 11

预测时间：2025/4/7 17:25:32
第1组：2 4 13 16 17 30 | 11
第2组：4 6 7 14 16 32 | 11
第3组：8 9 16 25 27 32 | 11
第4组：1 4 8 12 16 24 | 11
第5组：8 15 16 21 30 32 | 11
第6组：3 16 17 22 25 30 | 11

预测时间：2025/4/7 17:30:51
第1组：3 10 11 13 16 22 | 11
第2组：9 16 17 20 27 29 | 10
第3组：5 13 16 23 25 30 | 11
第4组：4 10 16 17 29 33 | 11
第5组：10 16 17 18 27 33 | 11
第6组：12 16 21 22 24 28 | 11

预测时间：2025/4/7 17:36:22
第1组：16 19 21 23 25 32 | 1
第2组：8 11 13 16 22 29 | 7
第3组：9 16 20 24 31 32 | 11
第4组：1 4 7 14 16 28 | 11
第5组：3 6 11 16 27 28 | 11
第6组：4 5 14 16 27 29 | 11

预测时间：2025/4/7 18:13:11
第1组：1 6 8 16 17 30 | 11
第2组：16 18 19 21 23 25 | 11
第3组：4 5 9 12 16 25 | 11
第4组：5 7 13 16 23 32 | 6
第5组：9 13 16 18 29 30 | 5
第6组：4 11 16 22 27 32 | 6

预测时间：2025/4/7 18:30:00
第1组：4 12 14 16 20 30 | 11
第2组：11 16 17 23 27 30 | 11
第3组：6 12 16 21 22 29 | 11
第4组：4 7 16 18 26 31 | 11
第5组：12 16 23 28 29 33 | 11
第6组：1 4 8 16 24 25 | 16

预测时间：2025/4/8 08:24:32
第1组：7 8 16 21 30 33 | 14
第2组：10 13 16 25 30 32 | 6
第3组：10 15 16 19 28 29 | 6
第4组：4 5 8 12 16 21 | 11
第5组：4 7 10 16 18 24 | 14
第6组：3 16 19 21 25 26 | 15

预测时间：2025/4/9 08:24:45
第1组：6 10 16 19 23 25 | 11
第2组：14 15 16 19 28 30 | 11
第3组：5 10 12 16 25 33 | 8
第4组：2 9 11 16 30 32 | 11
第5组：3 4 8 14 16 20 | 11
第6组：7 11 16 19 23 33 | 6

预测时间：2025/4/10 08:24:50
第1组：4 7 8 12 16 18 | 9
第2组：6 7 16 24 25 33 | 11
第3组：2 4 16 24 29 32 | 11
第4组：7 12 16 20 28 29 | 11
第5组：11 16 17 24 25 26 | 11
第6组：8 12 16 22 25 29 | 11

预测时间：2025/4/11 08:25:16
第1组：9 16 18 21 24 25 | 11
第2组：10 12 15 16 18 22 | 11
第3组：5 7 15 16 26 30 | 15
第4组：4 6 16 21 22 30 | 16
第5组：2 6 10 16 29 30 | 15
第6组：11 16 19 25 28 31 | 8

预测时间：2025/4/12 08:24:24
第1组：15 16 20 22 29 30 | 6
第2组：1 8 12 16 18 28 | 15
第3组：7 12 16 19 22 33 | 11
第4组：2 5 10 16 18 19 | 11
第5组：1 4 7 16 25 27 | 11
第6组：4 9 10 16 29 33 | 11

预测时间：2025/4/13 08:50:28
第1组：2 8 11 16 18 21 | 11
第2组：7 8 14 16 24 25 | 5
第3组：7 16 20 25 32 33 | 11
第4组：8 11 13 16 26 32 | 5
第5组：11 12 16 29 31 32 | 3
第6组：14 15 16 17 21 33 | 7

预测时间：2025/4/14 08:26:42
第1组：1 8 10 16 21 29 | 8
第2组：3 14 15 16 31 33 | 5
第3组：1 5 16 24 25 33 | 11
第4组：5 9 13 16 20 24 | 16
第5组：9 12 16 21 25 30 | 11
第6组：2 11 16 21 29 33 | 11

预测时间：2025/4/15 08:25:36
第1组：4 5 15 16 17 21 | 11
第2组：5 9 16 24 25 33 | 14
第3组：1 5 13 16 24 30 | 11
第4组：4 8 16 21 30 33 | 11
第5组：5 11 12 16 22 31 | 11
第6组：3 4 8 16 23 30 | 11

预测时间：2025/4/16 08:25:36
第1组：12 13 16 17 18 26 | 11
第2组：1 15 16 18 21 31 | 11
第3组：6 8 13 16 27 32 | 10
第4组：5 14 16 18 22 27 | 11
第5组：9 10 11 16 20 30 | 8
第6组：3 6 8 16 24 33 | 5

预测时间：2025/4/17 08:25:00
第1组：13 16 21 23 25 30 | 2
第2组：7 13 16 18 19 33 | 11
第3组：13 16 18 21 22 26 | 3
第4组：5 10 11 16 25 32 | 12
第5组：6 16 20 23 25 28 | 1
第6组：1 3 11 16 27 33 | 11

预测时间：2025/4/18 08:24:44
第1组：5 7 11 16 26 31 | 11
第2组：12 16 21 25 28 30 | 1
第3组：7 8 9 12 16 25 | 11
第4组：8 16 20 21 22 32 | 11
第5组：4 7 16 27 28 31 | 11
第6组：4 9 13 16 28 32 | 10

预测时间：2025/4/19 08:24:04
第1组：7 10 12 16 28 30 | 11
第2组：5 8 9 13 16 25 | 11
第3组：3 4 8 16 21 23 | 9
第4组：12 13 15 16 27 33 | 11
第5组：5 15 16 18 25 27 | 2
第6组：2 6 16 19 23 32 | 6

预测时间：2025/4/20 08:27:41
第1组：8 14 16 20 24 33 | 15
第2组：6 8 12 16 25 31 | 15
第3组：16 17 18 25 28 29 | 11
第4组：10 11 16 18 21 25 | 11
第5组：4 11 12 16 19 22 | 11
第6组：1 5 13 16 30 32 | 11

预测时间：2025/4/21 08:26:49
第1组：7 16 25 27 29 33 | 11
第2组：3 9 12 16 30 32 | 11
第3组：5 7 10 16 19 20 | 11
第4组：5 16 22 23 24 32 | 11
第5组：3 16 20 21 27 28 | 11
第6组：12 16 22 23 29 33 | 11

预测时间：2025/4/22 08:25:07
第1组：7 11 16 18 21 24 | 11
第2组：6 10 11 16 22 30 | 11
第3组：6 16 17 21 25 30 | 11
第4组：1 3 9 16 20 25 | 3
第5组：1 5 16 17 21 30 | 11
第6组：6 7 9 16 17 24 | 11

预测时间：2025/4/23 08:25:14
第1组：5 6 12 16 17 33 | 11
第2组：4 7 11 16 23 25 | 11
第3组：4 16 20 23 25 28 | 11
第4组：1 8 13 16 19 28 | 11
第5组：4 12 16 21 25 30 | 14
第6组：10 12 16 20 22 32 | 14

预测时间：2025/4/24 08:25:10
第1组：2 6 10 16 19 21 | 6
第2组：3 11 16 29 30 33 | 11
第3组：8 11 12 16 20 24 | 11
第4组：5 14 16 17 21 23 | 11
第5组：4 7 12 16 17 32 | 11
第6组：6 16 23 24 28 33 | 11

预测时间：2025/4/25 08:25:51
第1组：5 9 16 22 25 32 | 11
第2组：8 16 18 21 22 25 | 11
第3组：1 13 16 24 25 27 | 11
第4组：16 20 24 25 30 32 | 11
第5组：3 8 9 13 16 23 | 11
第6组：4 9 10 13 16 18 | 11

预测时间：2025/4/26 08:24:43
第1组：4 14 16 18 31 33 | 11
第2组：8 12 15 16 20 25 | 15
第3组：5 9 16 23 30 33 | 11
第4组：1 3 6 16 21 22 | 11
第5组：5 13 16 19 21 26 | 11
第6组：1 5 7 16 26 29 | 11

预测时间：2025/4/27 08:27:36
第1组：9 10 14 16 28 30 | 11
第2组：5 13 14 16 28 30 | 6
第3组：6 11 16 17 20 32 | 5
第4组：9 12 13 16 25 33 | 11
第5组：4 13 16 23 25 33 | 11
第6组：2 9 16 19 25 33 | 11

预测时间：2025/4/28 08:26:50
第1组：8 16 18 21 27 29 | 15
第2组：5 7 16 20 24 31 | 11
第3组：5 16 18 22 25 26 | 11
第4组：6 15 16 22 26 29 | 11
第5组：2 16 20 21 25 30 | 11
第6组：4 8 9 15 16 30 | 11

预测时间：2025/4/29 08:25:40
第1组：4 9 10 16 17 21 | 11
第2组：6 7 14 16 25 28 | 11
第3组：10 16 18 21 25 33 | 6
第4组：4 12 14 16 25 29 | 11
第5组：1 2 6 16 21 32 | 11
第6组：11 12 16 20 22 32 | 15

预测时间：2025/4/30 08:25:47
第1组：6 11 16 17 24 27 | 11
第2组：11 12 16 21 23 27 | 11
第3组：5 13 14 16 17 26 | 11
第4组：2 16 23 25 30 31 | 11
第5组：6 8 16 24 30 33 | 11
第6组：2 5 11 16 25 27 | 11

预测时间：2025/5/1 08:29:03
第1组：6 16 17 23 28 30 | 11
第2组：6 7 8 16 18 19 | 15
第3组：3 4 7 12 13 26 | 11
第4组：3 9 11 13 16 23 | 6
第5组：7 10 16 17 30 33 | 12
第6组：3 13 16 23 27 33 | 14

预测时间：2025/5/2 08:25:46
第1组：7 8 16 17 19 26 | 11
第2组：16 19 26 30 32 33 | 9
第3组：9 11 12 13 30 33 | 11
第4组：3 7 13 16 23 25 | 11
第5组：3 4 9 16 26 27 | 7
第6组：3 8 16 18 20 25 | 5

预测时间：2025/5/3 08:24:43
第1组：5 7 14 16 20 21 | 11
第2组：2 7 9 16 20 32 | 14
第3组：15 16 23 30 32 33 | 2
第4组：6 10 15 16 28 33 | 11
第5组：1 12 16 21 28 30 | 11
第6组：1 5 6 12 16 22 | 11

预测时间：2025/5/4 08:28:39
第1组：4 7 16 19 22 31 | 2
第2组：10 12 13 16 20 23 | 11
第3组：9 13 16 20 23 32 | 11
第4组：12 16 19 26 27 28 | 11
第5组：6 15 16 20 28 33 | 11
第6组：2 7 12 16 28 31 | 5

预测时间：2025/5/5 08:27:53
第1组：4 7 16 19 25 26 | 11
第2组：2 4 7 15 16 19 | 11
第3组：8 16 18 23 29 33 | 11
第4组：7 8 16 26 28 31 | 11
第5组：3 12 15 16 21 23 | 11
第6组：12 16 17 20 23 27 | 11

预测时间：2025/5/6 08:25:58
第1组：9 16 17 25 29 33 | 1
第2组：5 11 16 20 25 29 | 11
第3组：11 13 14 16 17 22 | 2
第4组：3 8 16 21 28 30 | 14
第5组：5 6 16 19 20 33 | 11
第6组：11 13 14 16 20 32 | 11

预测时间：2025/5/7 08:26:10
第1组：2 10 16 20 24 32 | 11
第2组：4 6 16 18 29 33 | 11
第3组：4 7 10 16 17 32 | 6
第4组：2 3 4 14 16 25 | 11
第5组：3 6 16 17 32 33 | 11
第6组：13 15 16 21 23 33 | 11

预测时间：2025/5/8 08:26:11
第1组：4 11 16 17 25 27 | 6
第2组：4 7 16 18 25 29 | 6
第3组：6 11 12 14 16 30 | 11
第4组：4 16 19 21 24 29 | 13
第5组：5 16 24 30 32 33 | 11
第6组：1 11 15 16 26 33 | 11

预测时间：2025/5/9 08:26:10
第1组：4 15 16 22 29 30 | 11
第2组：7 16 21 28 31 33 | 15
第3组：14 15 16 19 23 26 | 1
第4组：4 6 9 13 16 33 | 11
第5组：7 11 16 18 22 26 | 11
第6组：2 9 11 12 16 33 | 11

预测时间：2025/5/10 08:24:57
第1组：3 4 8 11 15 16 | 2
第2组：4 16 24 25 30 31 | 11
第3组：3 7 13 16 22 32 | 5
第4组：8 10 13 20 26 31 | 11
第5组：8 16 19 21 25 26 | 5
第6组：3 16 17 18 28 33 | 6

预测时间：2025/5/11 08:28:15
第1组：10 11 14 16 19 24 | 11
第2组：2 16 20 27 29 33 | 11
第3组：16 20 24 25 32 33 | 11
第4组：8 14 16 25 26 27 | 11
第5组：4 5 8 16 21 33 | 12
第6组：4 8 16 19 30 32 | 11

预测时间：2025/5/12 08:27:58
第1组：4 9 12 13 16 17 | 11
第2组：9 12 16 24 28 33 | 11
第3组：7 8 10 16 22 31 | 11
第4组：6 13 16 19 22 30 | 11
第5组：3 12 16 21 25 30 | 11
第6组：3 13 16 17 27 29 | 11

预测时间：2025/5/13 08:26:16
第1组：10 13 16 17 20 27 | 13
第2组：1 8 16 19 31 32 | 11
第3组：5 8 10 12 16 23 | 1
第4组：9 16 19 20 21 31 | 2
第5组：1 2 13 16 20 25 | 6
第6组：5 8 12 16 19 25 | 11

预测时间：2025/5/14 08:26:15
第1组：3 5 10 14 16 21 | 11
第2组：7 16 23 24 25 30 | 11
第3组：12 13 16 24 28 29 | 11
第4组：6 7 11 16 18 28 | 11
第5组：6 11 16 24 25 30 | 6
第6组：4 7 10 16 20 33 | 11

预测时间：2025/5/15 08:25:23
第1组：5 8 16 22 23 25 | 3
第2组：14 15 16 18 28 33 | 11
第3组：2 4 16 17 19 33 | 1
第4组：8 10 16 17 19 26 | 11
第5组：7 8 11 16 29 31 | 11
第6组：4 10 16 22 25 33 | 11

预测时间：2025/5/16 08:26:26
第1组：2 5 16 18 27 30 | 11
第2组：3 10 14 16 20 33 | 11
第3组：2 7 8 16 26 31 | 14
第4组：3 6 16 21 24 33 | 11
第5组：6 8 15 16 20 21 | 14
第6组：4 12 13 16 30 33 | 1

预测时间：2025/5/17 08:25:37
第1组：10 11 14 16 21 25 | 11
第2组：1 15 16 18 25 27 | 11
第3组：3 4 6 8 16 29 | 11
第4组：3 7 11 16 29 30 | 11
第5组：3 10 12 16 21 25 | 8
第6组：4 7 8 16 19 21 | 11

预测时间：2025/5/18 08:28:42
第1组：2 3 16 21 26 33 | 6
第2组：8 12 16 25 27 29 | 11
第3组：1 12 14 16 30 33 | 11
第4组：1 8 11 16 19 33 | 11
第5组：10 11 16 21 30 33 | 12
第6组：4 13 16 20 21 30 | 11

预测时间：2025/5/19 08:28:05
第1组：6 12 14 16 18 23 | 11
第2组：2 7 8 16 29 31 | 9
第3组：3 8 16 19 25 33 | 11
第4组：6 11 16 19 26 33 | 11
第5组：3 9 11 16 23 25 | 8
第6组：3 16 17 20 27 30 | 11

预测时间：2025/5/20 08:27:17
第1组：7 16 18 24 27 33 | 9
第2组：8 13 16 20 24 25 | 11
第3组：8 16 20 23 27 31 | 11
第4组：3 9 16 23 27 28 | 11
第5组：4 7 16 19 25 31 | 11
第6组：10 11 16 22 28 32 | 8

预测时间：2025/5/21 08:26:42
第1组：8 15 16 25 28 29 | 11
第2组：2 5 7 10 16 33 | 5
第3组：9 15 16 22 24 31 | 7
第4组：16 17 18 24 30 31 | 11
第5组：11 14 16 23 26 32 | 2
第6组：2 3 16 19 25 32 | 11

预测时间：2025/5/22 08:26:14
第1组：1 12 13 16 21 30 | 11
第2组：2 6 11 16 27 31 | 6
第3组：3 17 20 23 25 29 | 12
第4组：3 6 16 22 23 33 | 11
第5组：9 12 16 19 32 33 | 1
第6组：3 15 16 24 29 33 | 11

预测时间：2025/5/23 08:26:37
第1组：2 11 12 16 21 29 | 11
第2组：4 8 16 26 29 31 | 11
第3组：3 16 23 25 27 31 | 11
第4组：1 7 11 16 28 32 | 11
第5组：3 17 19 20 22 31 | 11
第6组：7 8 16 17 21 22 | 1

预测时间：2025/5/24 08:25:29
第1组：2 4 5 16 17 21 | 1
第2组：8 11 16 22 27 29 | 11
第3组：6 13 16 19 22 26 | 11
第4组：1 3 8 11 16 33 | 11
第5组：1 7 11 16 24 27 | 12
第6组：12 16 18 19 28 33 | 11

预测时间：2025/5/25 08:29:15
第1组：6 16 19 25 29 30 | 14
第2组：4 6 8 12 16 33 | 7
第3组：4 12 13 14 20 25 | 11
第4组：2 8 9 13 16 23 | 9
第5组：14 15 16 23 28 32 | 11
第6组：12 16 19 21 27 29 | 11

预测时间：2025/5/26 08:27:28
第1组：13 14 16 18 20 30 | 2
第2组：6 7 13 16 27 30 | 11
第3组：3 4 14 16 24 25 | 8
第4组：8 10 16 21 25 27 | 11
第5组：4 8 14 16 20 28 | 11
第6组：6 9 10 16 28 30 | 11

预测时间：2025/5/27 08:25:57
第1组：3 5 6 16 17 22 | 11
第2组：2 8 14 16 25 29 | 12
第3组：2 6 11 15 16 33 | 11
第4组：2 13 16 19 27 33 | 2
第5组：7 9 16 17 26 30 | 1
第6组：4 16 22 25 28 33 | 5

预测时间：2025/5/28 08:26:28
第1组：6 8 10 14 16 24 | 16
第2组：1 4 7 16 17 24 | 11
第3组：9 13 16 19 27 30 | 11
第4组：3 6 12 16 21 33 | 11
第5组：16 22 25 28 29 33 | 16
第6组：1 3 8 16 21 31 | 11

预测时间：2025/5/29 08:26:23
第1组：5 16 19 25 27 33 | 1
第2组：6 7 8 13 16 22 | 11
第3组：1 10 16 21 25 29 | 16
第4组：3 16 17 26 30 33 | 11
第5组：10 16 25 27 29 33 | 11
第6组：6 9 12 16 19 33 | 6

预测时间：2025/5/30 08:26:30
第1组：2 8 16 29 31 32 | 15
第2组：4 15 16 18 23 30 | 11
第3组：5 8 13 16 23 33 | 15
第4组：6 10 16 29 30 33 | 1
第5组：3 16 19 21 24 33 | 11
第6组：8 12 16 17 23 27 | 11

预测时间：2025/5/31 08:25:40
第1组：7 10 11 16 25 26 | 8
第2组：3 10 14 16 28 33 | 11
第3组：5 13 16 23 29 30 | 11
第4组：3 5 11 16 19 23 | 11
第5组：2 14 16 22 29 32 | 1
第6组：7 8 16 24 29 32 | 11

预测时间：2025/6/1 08:33:23
第1组：5 12 15 16 31 32 | 1
第2组：7 8 10 12 16 25 | 16
第3组：12 16 18 25 28 33 | 11
第4组：4 8 16 19 20 23 | 11
第5组：3 10 16 21 24 30 | 16
第6组：5 7 14 16 21 33 | 11

预测时间：2025/6/2 08:28:11
第1组：7 8 10 14 16 32 | 3
第2组：2 3 14 16 21 27 | 11
第3组：2 7 11 16 19 25 | 8
第4组：9 16 21 22 24 27 | 12
第5组：3 14 16 21 24 28 | 9
第6组：16 18 25 30 32 33 | 11

预测时间：2025/6/3 08:27:23
第1组：6 7 14 16 21 24 | 11
第2组：4 10 11 16 30 31 | 11
第3组：9 11 16 25 28 31 | 6
第4组：7 8 14 16 18 29 | 11
第5组：6 8 16 19 23 30 | 11
第6组：4 11 16 17 19 21 | 6

预测时间：2025/6/4 08:27:07
第1组：4 6 16 17 27 29 | 5
第2组：7 12 13 14 16 30 | 11
第3组：2 4 16 19 21 23 | 9
第4组：10 16 19 30 32 33 | 11
第5组：2 8 9 16 17 24 | 8
第6组：1 4 16 20 27 31 | 11

预测时间：2025/6/5 08:26:41
第1组：3 13 16 18 19 30 | 14
第2组：3 7 9 15 16 29 | 11
第3组：3 11 16 21 27 31 | 11
第4组：9 16 21 25 26 31 | 11
第5组：5 16 18 25 30 33 | 9
第6组：4 5 10 16 19 22 | 11

预测时间：2025/6/6 08:26:27
第1组：6 8 9 16 21 25 | 11
第2组：2 4 6 7 9 16 | 6
第3组：2 13 16 17 20 30 | 11
第4组：1 9 16 25 31 33 | 15
第5组：12 16 17 22 23 33 | 11
第6组：3 6 9 16 21 31 | 11

预测时间：2025/6/7 08:26:36
第1组：10 16 21 23 24 25 | 6
第2组：1 6 14 16 25 33 | 3
第3组：4 13 16 17 19 25 | 11
第4组：4 9 16 20 28 30 | 11
第5组：4 8 16 20 24 32 | 11
第6组：1 16 17 28 31 33 | 1

预测时间：2025/6/8 08:29:51
第1组：2 16 17 21 28 31 | 11
第2组：4 7 10 14 16 28 | 11
第3组：2 3 6 7 16 23 | 11
第4组：5 7 16 19 20 24 | 11
第5组：14 16 18 22 26 32 | 11
第6组：3 6 14 16 21 32 | 11

预测时间：2025/6/9 08:28:34
第1组：14 16 19 22 24 25 | 10
第2组：3 5 6 11 16 31 | 11
第3组：5 12 16 17 30 32 | 11
第4组：4 8 10 16 21 26 | 11
第5组：1 4 11 16 19 26 | 11
第6组：5 8 12 16 20 29 | 11

预测时间：2025/6/10 08:26:50
第1组：16 20 21 25 27 30 | 15
第2组：1 7 15 16 19 31 | 11
第3组：2 6 10 16 22 33 | 11
第4组：4 8 10 16 23 31 | 11
第5组：1 3 7 13 16 24 | 14
第6组：6 7 16 29 31 33 | 11

预测时间：2025/6/11 08:26:54
第1组：14 16 21 27 28 30 | 11
第2组：7 16 20 24 28 33 | 11
第3组：2 3 7 16 25 31 | 10
第4组：1 5 7 16 23 25 | 11
第5组：8 10 16 18 20 28 | 1
第6组：4 16 20 25 29 33 | 11

预测时间：2025/6/12 08:26:36
第1组：3 9 14 16 25 28 | 11
第2组：3 13 16 19 24 33 | 11
第3组：7 8 10 14 16 23 | 3
第4组：5 10 16 20 25 29 | 11
第5组：5 9 13 16 25 33 | 11
第6组：6 16 19 25 29 33 | 8

预测时间：2025/6/13 08:27:06
第1组：2 9 16 18 24 32 | 11
第2组：2 5 13 16 25 27 | 11
第3组：4 6 8 9 16 27 | 9
第4组：5 8 16 22 23 33 | 3
第5组：10 16 19 25 30 33 | 6
第6组：1 6 7 11 13 16 | 10

预测时间：2025/6/14 08:26:18
第1组：7 14 16 17 20 23 | 11
第2组：10 14 16 19 24 29 | 11
第3组：1 2 6 8 12 16 | 11
第4组：7 16 23 25 30 31 | 10
第5组：6 7 10 16 28 33 | 13
第6组：5 9 13 16 19 28 | 11

预测时间：2025/6/15 08:30:08
第1组：2 6 16 24 27 30 | 6
第2组：2 9 16 23 27 30 | 11
第3组：2 7 9 14 16 31 | 7
第4组：12 16 20 21 23 28 | 11
第5组：3 5 8 9 16 20 | 6
第6组：14 16 21 24 25 33 | 11

预测时间：2025/6/16 08:28:21
第1组：6 14 20 22 25 33 | 11
第2组：6 12 14 16 20 30 | 15
第3组：2 6 15 23 31 33 | 11
第4组：2 6 9 11 16 28 | 11
第5组：3 6 10 20 24 27 | 11
第6组：3 6 8 23 27 30 | 11

预测时间：2025/6/17 08:26:52
第1组：6 11 13 23 25 29 | 14
第2组：3 6 8 13 18 31 | 11
第3组：6 17 20 21 25 30 | 13
第4组：6 16 18 19 22 33 | 11
第5组：2 6 15 23 25 33 | 11
第6组：3 6 11 15 18 30 | 11

预测时间：2025/6/18 08:26:45
第1组：3 4 6 13 19 27 | 11
第2组：6 11 14 20 23 25 | 11
第3组：6 21 24 27 28 31 | 3
第4组：6 7 10 12 13 24 | 14
第5组：6 8 16 21 28 33 | 3
第6组：3 6 9 14 24 30 | 8

预测时间：2025/6/19 08:27:10
第1组：2 6 14 15 20 31 | 11
第2组：6 7 10 16 17 33 | 15
第3组：4 6 11 18 22 25 | 11
第4组：6 16 18 24 30 31 | 6
第5组：3 6 19 21 25 33 | 11
第6组：2 6 13 16 18 32 | 14

预测时间：2025/6/20 08:26:38
第1组：6 10 17 28 30 33 | 11
第2组：2 6 7 10 12 20 | 11
第3组：2 5 10 13 20 33 | 11
第4组：10 14 17 22 27 30 | 11
第5组：2 4 9 10 11 23 | 11
第6组：10 14 16 25 26 30 | 11

预测时间：2025/6/21 08:26:47
第1组：6 10 15 19 27 31 | 11
第2组：10 11 15 25 30 33 | 11
第3组：1 9 10 14 27 28 | 11
第4组：5 6 10 18 21 27 | 11
第5组：5 10 18 22 23 28 | 11
第6组：1 2 10 13 18 31 | 11

预测时间：2025/6/22 08:29:56
第1组：4 7 10 17 20 28 | 11
第2组：7 8 10 16 21 31 | 7
第3组：2 10 11 13 20 31 | 1
第4组：10 17 19 22 26 28 | 1
第5组：14 15 17 22 23 24 | 11
第6组：1 10 11 23 28 30 | 11

预测时间：2025/6/23 08:29:18
第1组：1 2 4 7 19 27 | 11
第2组：6 10 11 14 19 31 | 11
第3组：6 15 23 25 28 29 | 16
第4组：4 6 10 14 18 31 | 9
第5组：6 9 16 17 22 26 | 12
第6组：1 6 13 21 22 25 | 1

预测时间：2025/6/24 08:27:12
第1组：6 10 13 14 30 33 | 11
第2组：5 6 7 11 20 21 | 11
第3组：2 6 14 16 17 22 | 11
第4组：4 6 10 12 21 31 | 6
第5组：6 14 20 23 24 33 | 11
第6组：6 11 26 27 30 33 | 14

预测时间：2025/6/25 08:27:15
第1组：6 7 13 14 17 23 | 11
第2组：6 8 19 20 25 27 | 11
第3组：2 6 12 30 31 32 | 2
第4组：2 3 6 14 17 21 | 13
第5组：6 9 20 21 27 33 | 12
第6组：3 6 10 14 18 31 | 1

预测时间：2025/6/26 08:26:55
第1组：3 6 10 12 32 33 | 2
第2组：1 3 4 6 15 16 | 16
第3组：2 6 11 12 27 29 | 4
第4组：4 6 21 23 25 29 | 15
第5组：6 9 15 19 27 33 | 1
第6组：6 7 8 20 27 30 | 15

预测时间：2025/6/27 08:27:20
第1组：10 12 19 25 27 31 | 11
第2组：10 15 16 19 21 25 | 11
第3组：4 9 10 13 15 25 | 11
第4组：7 10 14 20 23 27 | 11
第5组：1 5 7 10 20 28 | 11
第6组：2 10 11 20 21 32 | 11

预测时间：2025/6/28 08:26:07
第1组：3 6 10 15 24 31 | 11
第2组：1 4 10 19 23 27 | 6
第3组：10 12 16 21 22 26 | 6
第4组：6 10 13 21 24 27 | 12
第5组：6 9 10 21 28 31 | 11
第6组：2 8 10 16 30 33 | 11

预测时间：2025/6/29 08:30:51
第1组：2 7 10 15 23 27 | 11
第2组：4 10 18 19 25 32 | 11
第3组：10 14 23 27 28 33 | 11
第4组：7 10 12 24 31 33 | 11
第5组：2 5 10 15 18 29 | 11
第6组：4 5 10 17 26 27 | 11

预测时间：2025/6/30 08:29:18
第1组：3 6 10 16 29 31 | 11
第2组：10 13 15 23 31 33 | 12
第3组：6 10 12 17 21 23 | 11
第4组：2 4 7 10 29 30 | 11
第5组：7 10 11 13 20 26 | 11
第6组：1 3 10 20 22 24 | 11

预测时间：2025/7/1 08:31:06
第1组：2 4 5 7 10 17 | 11
第2组：3 10 19 27 29 30 | 8
第3组：7 10 18 20 24 31 | 7
第4组：2 7 10 16 25 33 | 11
第5组：2 10 15 27 31 33 | 5
第6组：10 13 21 22 24 29 | 11

预测时间：2025/7/2 08:27:12
第1组：7 10 11 21 23 30 | 7
第2组：6 10 13 16 29 31 | 11
第3组：3 10 11 13 16 30 | 11
第4组：10 18 19 25 30 33 | 1
第5组：3 7 10 11 23 30 | 1
第6组：6 10 11 12 17 33 | 13

预测时间：2025/7/3 08:27:28
第1组：2 3 6 10 25 32 | 11
第2组：9 10 12 13 18 28 | 11
第3组：4 7 10 18 25 33 | 11
第4组：10 13 15 17 22 25 | 11
第5组：2 10 17 25 28 29 | 11
第6组：2 6 10 23 26 33 | 1

预测时间：2025/7/4 08:27:03
第1组：10 11 25 27 31 33 | 7
第2组：4 10 13 15 20 23 | 7
第3组：1 2 10 13 14 17 | 7
第4组：1 9 10 14 25 31 | 11
第5组：6 10 13 17 29 31 | 11
第6组：3 5 9 10 20 26 | 8

预测时间：2025/7/5 08:25:50
第1组：3 9 10 17 23 30 | 16
第2组：5 10 13 21 24 33 | 15
第3组：5 10 14 22 23 27 | 16
第4组：1 10 16 17 21 32 | 12
第5组：2 4 6 10 18 30 | 9
第6组：2 3 6 10 30 33 | 16

预测时间：2025/7/6 08:30:19
第1组：3 7 10 22 25 33 | 14
第2组：7 10 14 16 22 23 | 16
第3组：6 10 13 17 25 33 | 7
第4组：9 10 13 18 30 33 | 11
第5组：4 8 10 22 29 33 | 11
第6组：3 9 10 13 19 30 | 2

预测时间：2025/7/7 08:29:41
第1组：10 12 14 20 22 25 | 11
第2组：2 10 16 18 22 25 | 10
第3组：1 5 10 15 16 19 | 11
第4组：4 6 10 14 18 30 | 11
第5组：7 9 10 16 28 31 | 11
第6组：2 4 10 18 22 29 | 7

预测时间：2025/7/8 08:27:11
第1组：10 11 17 19 21 29 | 11
第2组：10 15 20 22 23 27 | 11
第3组：1 2 6 13 14 21 | 11
第4组：2 6 10 18 25 26 | 10
第5组：3 7 10 14 16 26 | 2
第6组：10 13 15 16 23 30 | 11

预测时间：2025/7/9 08:28:06
第1组：9 10 12 17 21 22 | 16
第2组：4 9 10 13 26 30 | 1
第3组：6 10 16 17 20 29 | 3
第4组：2 6 10 25 29 30 | 12
第5组：10 17 18 24 32 33 | 11
第6组：3 6 10 25 30 31 | 11

预测时间：2025/7/10 08:27:31
第1组：3 10 15 27 28 31 | 11
第2组：1 9 10 21 24 28 | 11
第3组：7 10 18 19 22 23 | 11
第4组：3 8 9 10 13 16 | 5
第5组：10 14 15 27 29 33 | 11
第6组：2 10 13 19 21 30 | 16

预测时间：2025/7/11 08:27:50
第1组：1 10 11 18 24 28 | 11
第2组：7 10 16 22 28 33 | 11
第3组：7 10 15 18 19 21 | 9
第4组：4 10 22 26 31 33 | 11
第5组：3 7 10 12 20 23 | 3
第6组：1 6 10 15 21 31 | 15

预测时间：2025/7/12 08:27:30
第1组：2 6 10 13 17 33 | 1
第2组：8 10 22 24 25 33 | 11
第3组：5 10 16 17 30 33 | 11
第4组：3 6 10 14 20 27 | 11
第5组：10 16 17 20 21 28 | 11
第6组：3 4 7 10 14 32 | 11

预测时间：2025/7/13 08:31:14
第1组：3 6 10 22 27 29 | 11
第2组：6 10 14 18 25 27 | 11
第3组：3 4 9 10 13 33 | 11
第4组：6 10 12 19 31 33 | 15
第5组：1 10 17 20 22 24 | 11
第6组：2 10 13 19 22 32 | 11

预测时间：2025/7/14 08:29:48
第1组：10 14 21 25 29 33 | 5
第2组：2 6 10 19 21 33 | 5
第3组：9 10 13 25 28 31 | 1
第4组：3 6 10 13 22 31 | 7
第5组：5 8 10 15 17 19 | 11
第6组：8 10 16 18 22 33 | 1

预测时间：2025/7/15 08:28:43
第1组：4 6 10 12 16 31 | 5
第2组：2 4 7 10 21 25 | 14
第3组：6 9 12 16 22 33 | 11
第4组：10 15 19 22 23 29 | 11
第5组：3 6 10 12 25 26 | 12
第6组：4 10 11 13 28 30 | 6

预测时间：2025/7/16 08:28:13
第1组：1 10 20 25 29 32 | 11
第2组：7 10 13 28 29 33 | 1
第3组：3 10 11 14 17 27 | 11
第4组：6 10 20 22 24 33 | 11
第5组：6 9 10 16 21 28 | 11
第6组：7 10 15 19 20 25 | 14

预测时间：2025/7/17 08:28:35
第1组：3 4 7 9 10 19 | 3
第2组：1 2 6 10 18 21 | 9
第3组：7 10 14 17 22 23 | 11
第4组：10 13 16 21 23 33 | 15
第5组：3 10 20 21 24 27 | 11
第6组：3 10 15 17 30 33 | 11

预测时间：2025/7/18 08:28:18
第1组：1 3 10 14 21 24 | 11
第2组：6 10 20 25 30 32 | 1
第3组：5 8 10 12 14 17 | 11
第4组：2 10 12 13 15 19 | 1
第5组：6 10 22 28 30 33 | 11
第6组：2 3 6 10 18 21 | 11

预测时间：2025/7/19 08:27:40
第1组：6 10 12 20 23 27 | 16
第2组：1 8 10 16 24 30 | 11
第3组：4 10 13 16 32 33 | 11
第4组：10 13 17 19 27 32 | 6
第5组：9 10 16 19 25 31 | 9
第6组：1 3 4 6 10 21 | 11

预测时间：2025/7/20 08:31:45
第1组：7 10 15 18 22 25 | 11
第2组：1 10 11 15 20 25 | 11
第3组：2 3 6 10 15 32 | 6
第4组：2 10 21 26 27 33 | 11
第5组：10 14 18 19 24 30 | 15
第6组：4 10 14 21 25 33 | 11

预测时间：2025/7/21 08:30:51
第1组：8 10 13 15 20 21 | 11
第2组：5 10 15 20 21 30 | 11
第3组：3 5 10 11 15 30 | 11
第4组：4 6 10 25 31 33 | 1
第5组：10 13 16 17 23 28 | 6
第6组：6 10 11 24 27 30 | 11

预测时间：2025/7/22 08:28:51
第1组：6 10 14 17 28 29 | 11
第2组：3 9 10 11 12 18 | 11
第3组：6 10 19 21 27 32 | 3
第4组：2 7 10 19 25 31 | 11
第5组：6 8 10 14 19 27 | 11
第6组：2 3 6 10 20 32 | 11

预测时间：2025/7/23 08:28:46
第1组：3 6 9 18 30 33 | 11
第2组：6 11 12 21 23 27 | 15
第3组：6 12 15 17 22 27 | 11
第4组：6 11 17 23 27 29 | 11
第5组：6 9 11 26 27 30 | 16
第6组：6 7 16 21 30 31 | 11

预测时间：2025/7/24 08:29:00
第1组：2 6 14 15 16 33 | 15
第2组：5 6 14 29 30 31 | 11
第3组：6 10 18 20 24 26 | 11
第4组：4 6 13 15 21 28 | 11
第5组：6 7 13 15 17 23 | 1
第6组：3 6 9 20 24 25 | 11

预测时间：2025/7/25 08:28:52
第1组：5 6 17 23 29 30 | 7
第2组：1 4 6 16 25 27 | 2
第3组：1 6 12 15 17 20 | 11
第4组：6 8 9 15 32 33 | 11
第5组：6 22 23 26 27 33 | 11
第6组：1 6 8 12 30 33 | 11

预测时间：2025/7/26 08:27:32
第1组：6 15 19 28 30 33 | 5
第2组：2 6 12 16 17 31 | 7
第3组：6 11 17 22 26 30 | 11
第4组：6 14 18 29 30 33 | 11
第5组：2 6 7 15 22 25 | 14
第6组：1 3 6 22 23 26 | 11

预测时间：2025/7/27 08:31:51
第1组：6 14 15 17 18 24 | 11
第2组：5 6 12 22 23 33 | 11
第3组：2 6 10 11 21 30 | 14
第4组：3 6 15 19 21 26 | 14
第5组：2 6 14 17 21 24 | 7
第6组：3 6 18 24 28 33 | 11

预测时间：2025/7/28 08:31:00
第1组：9 10 14 26 28 32 | 11
第2组：4 5 10 15 25 32 | 11
第3组：10 13 18 22 25 30 | 11
第4组：3 5 7 10 19 25 | 11
第5组：1 2 6 8 10 13 | 10
第6组：1 5 10 12 19 33 | 11

预测时间：2025/7/29 08:31:20
第1组：7 10 14 21 28 33 | 11
第2组：5 7 9 10 21 29 | 11
第3组：4 10 12 13 18 27 | 2
第4组：10 14 16 17 22 28 | 11
第5组：2 10 15 18 23 31 | 8
第6组：1 2 5 10 16 23 | 11

预测时间：2025/7/30 08:29:11
第1组：5 6 11 13 14 25 | 11
第2组：6 11 14 17 19 22 | 13
第3组：2 6 14 23 27 33 | 6
第4组：2 6 10 17 26 29 | 11
第5组：2 3 6 13 24 33 | 11
第6组：4 5 6 7 11 32 | 11

预测时间：2025/7/31 08:28:55
第1组：4 6 12 19 23 28 | 12
第2组：4 6 16 17 21 31 | 11
第3组：6 11 19 25 30 33 | 16
第4组：6 7 9 13 21 22 | 11
第5组：2 6 12 22 25 32 | 1
第6组：6 14 18 22 25 26 | 11

预测时间：2025/8/1 08:33:08
第1组：6 9 15 21 24 32 | 11
第2组：6 7 10 19 30 33 | 14
第3组：3 6 12 19 20 33 | 11
第4组：6 9 14 15 27 28 | 7
第5组：6 7 11 14 24 31 | 11
第6组：3 6 7 16 21 23 | 9

预测时间：2025/8/2 08:27:51
第1组：3 6 9 10 18 33 | 9
第2组：6 7 18 22 25 30 | 11
第3组：6 9 12 21 30 33 | 11
第4组：2 3 6 14 25 27 | 14
第5组：3 6 12 13 24 30 | 5
第6组：6 13 18 21 28 32 | 11

预测时间：2025/8/3 08:32:17
第1组：2 3 6 9 23 29 | 11
第2组：6 9 16 18 20 33 | 11
第3组：3 6 9 23 25 33 | 16
第4组：1 2 6 14 21 30 | 15
第5组：2 6 9 10 14 25 | 11
第6组：5 6 13 14 21 28 | 2

预测时间：2025/8/4 08:31:50
第1组：10 11 14 19 25 33 | 11
第2组：7 10 18 24 27 31 | 11
第3组：10 11 18 20 21 30 | 11
第4组：3 8 10 15 20 24 | 13
第5组：1 6 10 17 27 33 | 14
第6组：6 10 13 29 30 32 | 11

预测时间：2025/8/5 08:29:45
第1组：10 17 19 20 22 23 | 7
第2组：10 17 21 22 23 27 | 11
第3组：2 6 8 10 13 28 | 12
第4组：2 5 6 10 13 20 | 9
第5组：10 14 16 22 32 33 | 13
第6组：2 7 10 14 27 28 | 15

预测时间：2025/8/6 08:29:26
第1组：6 10 14 22 25 33 | 11
第2组：1 6 10 12 15 19 | 11
第3组：1 4 6 7 21 28 | 14
第4组：3 6 7 15 17 21 | 14
第5组：3 6 13 17 21 25 | 11
第6组：6 15 19 21 32 33 | 11

预测时间：2025/8/7 08:29:34
第1组：1 6 9 10 22 30 | 11
第2组：3 6 15 18 21 33 | 6
第3组：6 10 18 23 25 27 | 2
第4组：5 6 13 16 17 18 | 1
第5组：6 14 22 25 27 30 | 11
第6组：6 15 20 25 32 33 | 11

预测时间：2025/8/8 08:29:10
第1组：2 6 16 23 29 30 | 8
第2组：3 6 10 14 21 30 | 1
第3组：3 6 11 17 24 30 | 11
第4组：10 18 24 25 27 33 | 14
第5组：9 11 13 17 21 33 | 11
第6组：1 6 15 16 18 24 | 11

预测时间：2025/8/9 08:26:44
第1组：6 10 11 13 22 24 | 12
第2组：2 6 8 12 22 32 | 6
第3组：3 6 10 15 16 23 | 11
第4组：6 12 14 26 30 33 | 11
第5组：6 12 18 28 29 33 | 11
第6组：6 10 19 21 27 32 | 11

预测时间：2025/8/10 08:31:26
第1组：6 11 12 18 19 23 | 14
第2组：6 11 13 16 20 28 | 5
第3组：1 6 10 21 30 31 | 14
第4组：1 3 6 7 16 25 | 11
第5组：2 6 14 16 18 30 | 11
第6组：2 6 10 23 29 30 | 11

预测时间：2025/8/11 08:30:21
第1组：6 16 19 23 26 31 | 11
第2组：3 6 7 16 22 31 | 11
第3组：5 6 8 14 29 31 | 5
第4组：2 6 17 19 21 29 | 9
第5组：5 6 13 14 19 22 | 11
第6组：6 9 16 24 27 33 | 11

预测时间：2025/8/12 08:27:06
第1组：6 7 8 22 25 33 | 3
第2组：6 8 9 18 19 23 | 11
第3组：2 6 10 13 18 31 | 11
第4组：3 6 14 20 29 33 | 6
第5组：1 6 12 17 24 33 | 15
第6组：2 6 8 26 32 33 | 11

预测时间：2025/8/13 08:27:28
第1组：2 5 6 7 10 29 | 11
第2组：2 6 10 11 14 33 | 11
第3组：6 8 20 24 25 33 | 5
第4组：6 12 13 15 17 25 | 11
第5组：1 2 3 6 10 33 | 11
第6组：6 10 19 20 23 33 | 11

预测时间：2025/8/14 08:27:27
第1组：2 6 10 16 24 29 | 11
第2组：6 7 10 13 20 23 | 7
第3组：2 6 21 24 27 30 | 15
第4组：6 14 15 21 22 27 | 11
第5组：3 6 10 11 17 23 | 3
第6组：6 7 12 24 29 33 | 11

预测时间：2025/8/15 08:28:04
第1组：6 20 28 29 30 33 | 6
第2组：3 6 15 25 32 33 | 11
第3组：4 6 14 15 19 24 | 6
第4组：6 7 16 24 26 30 | 1
第5组：3 6 13 14 15 33 | 11
第6组：6 8 13 21 24 28 | 5

预测时间：2025/8/16 08:25:59
第1组：4 6 10 11 17 21 | 11
第2组：6 7 12 13 28 31 | 11
第3组：6 7 14 20 25 31 | 6
第4组：2 6 8 10 16 17 | 11
第5组：2 6 14 28 30 32 | 11
第6组：2 3 6 17 25 30 | 11

预测时间：2025/8/17 08:29:52
第1组：6 14 15 20 22 28 | 11
第2组：3 6 8 12 19 24 | 10
第3组：6 7 11 23 26 33 | 5
第4组：1 2 6 20 23 30 | 10
第5组：2 6 20 30 31 32 | 11
第6组：6 10 21 25 28 30 | 11

预测时间：2025/8/18 08:29:47
第1组：6 10 14 16 25 30 | 11
第2组：2 6 19 22 29 33 | 7
第3组：3 6 7 18 20 28 | 6
第4组：2 6 11 21 24 30 | 1
第5组：2 6 7 9 17 30 | 10
第6组：6 7 9 27 28 30 | 11

预测时间：2025/8/19 08:26:49
第1组：6 8 12 16 17 21 | 11
第2组：2 6 11 13 15 33 | 11
第3组：2 6 10 21 23 25 | 11
第4组：6 10 21 30 32 33 | 11
第5组：2 5 6 8 15 30 | 11
第6组：6 16 21 28 31 33 | 14

预测时间：2025/8/20 08:25:50
第1组：3 6 15 17 18 33 | 14
第2组：6 15 21 22 23 28 | 11
第3组：2 6 11 13 14 33 | 11
第4组：6 13 18 23 25 28 | 6
第5组：6 11 13 16 25 29 | 11
第6组：6 13 17 19 24 29 | 11

预测时间：2025/8/21 08:24:50
第1组：2 3 6 10 20 30 | 1
第2组：2 5 6 10 14 16 | 11
第3组：1 3 6 10 16 18 | 11
第4组：7 13 21 24 25 30 | 11
第5组：6 11 22 27 30 33 | 11
第6组：5 6 16 17 30 32 | 11

预测时间：2025/8/22 08:25:48
第1组：6 16 22 25 26 27 | 12
第2组：6 15 16 20 30 33 | 11
第3组：3 6 9 11 19 27 | 13
第4组：2 3 6 21 22 24 | 1
第5组：2 6 8 15 20 25 | 15
第6组：6 8 11 13 30 32 | 11

预测时间：2025/8/23 08:25:05
第1组：1 6 12 19 21 25 | 11
第2组：2 6 7 16 20 21 | 14
第3组：6 7 13 24 29 33 | 12
第4组：6 8 9 23 27 30 | 11
第5组：6 18 19 24 28 30 | 1
第6组：3 6 8 15 23 25 | 11

预测时间：2025/8/24 08:29:14
第1组：1 3 6 13 17 29 | 11
第2组：6 22 24 26 30 31 | 9
第3组：4 6 12 13 21 25 | 11
第4组：2 6 15 21 23 33 | 15
第5组：6 10 20 24 25 28 | 11
第6组：6 9 15 20 22 30 | 11

预测时间：2025/8/25 08:27:24
第1组：2 6 13 20 28 31 | 5
第2组：2 3 6 10 16 25 | 11
第3组：2 6 17 21 25 33 | 11
第4组：6 10 16 21 24 33 | 11
第5组：3 6 10 17 21 24 | 11
第6组：3 6 14 17 27 29 | 11

预测时间：2025/8/26 08:25:54
第1组：2 6 10 12 17 25 | 9
第2组：1 3 6 12 22 29 | 11
第3组：6 7 16 18 28 33 | 6
第4组：6 10 13 15 19 21 | 11
第5组：2 6 7 10 16 26 | 1
第6组：6 12 20 29 30 33 | 9

预测时间：2025/8/27 08:25:48
第1组：2 6 9 23 28 31 | 11
第2组：2 6 10 13 14 17 | 11
第3组：6 14 21 22 30 32 | 1
第4组：2 6 8 9 13 28 | 11
第5组：2 6 10 12 16 27 | 11
第6组：5 6 10 24 31 33 | 11

预测时间：2025/8/28 08:25:34
第1组：6 7 12 18 24 32 | 11
第2组：1 3 5 6 25 33 | 14
第3组：3 6 19 24 25 28 | 11
第4组：6 12 14 27 28 32 | 11
第5组：1 5 6 7 16 18 | 11
第6组：6 19 21 24 27 33 | 14

预测时间：2025/8/29 08:25:38
第1组：6 8 10 17 18 19 | 11
第2组：3 6 10 15 28 33 | 11
第3组：6 14 15 19 24 30 | 15
第4组：3 6 7 10 14 29 | 15
第5组：1 6 20 21 26 27 | 14
第6组：6 9 16 24 30 33 | 11

预测时间：2025/8/30 08:24:09
第1组：4 6 8 10 12 32 | 11
第2组：6 12 15 17 21 24 | 11
第3组：6 10 13 20 27 32 | 15
第4组：1 6 18 21 22 27 | 11
第5组：6 8 9 13 27 33 | 15
第6组：4 6 16 17 20 33 | 11

预测时间：2025/8/31 08:27:56
第1组：6 9 14 22 23 30 | 11
第2组：6 8 11 19 22 31 | 11
第3组：6 10 22 25 32 33 | 12
第4组：2 3 6 18 31 33 | 11
第5组：6 10 12 16 18 20 | 11
第6组：1 2 6 10 15 24 | 11

预测时间：2025/9/1 08:31:37
第1组：1 3 6 8 14 18 | 7
第2组：4 6 11 14 26 31 | 16
第3组：6 8 11 12 15 16 | 12
第4组：1 6 20 26 31 33 | 1
第5组：1 6 8 20 24 28 | 11
第6组：6 12 15 23 24 32 | 11

预测时间：2025/9/2 08:25:40
第1组：6 9 10 12 17 31 | 11
第2组：6 7 10 15 18 22 | 11
第3组：3 6 19 24 30 32 | 11
第4组：2 6 13 25 27 28 | 10
第5组：2 6 13 22 24 27 | 5
第6组：3 6 14 20 32 33 | 11

预测时间：2025/9/3 08:23:57
第1组：6 10 13 24 27 32 | 11
第2组：2 6 16 17 25 30 | 1
第3组：6 14 18 20 23 33 | 14
第4组：1 3 6 11 12 13 | 13
第5组：6 12 14 15 19 33 | 11
第6组：2 3 6 15 17 28 | 12

预测时间：2025/9/4 08:24:05
第1组：6 10 19 30 32 33 | 11
第2组：6 10 14 21 24 29 | 11
第3组：6 10 15 24 28 32 | 3
第4组：1 6 17 18 27 29 | 12
第5组：2 3 6 10 24 28 | 15
第6组：6 10 12 18 21 33 | 1

预测时间：2025/9/5 08:25:12
第1组：6 13 21 25 32 33 | 11
第2组：6 7 11 13 23 29 | 11
第3组：3 4 6 8 14 22 | 1
第4组：6 12 15 16 20 24 | 11
第5组：1 4 6 17 28 33 | 13
第6组：6 9 21 28 32 33 | 11

预测时间：2025/9/6 08:23:50
第1组：2 6 12 17 20 27 | 5
第2组：4 5 6 16 21 24 | 11
第3组：3 6 10 11 16 18 | 11
第4组：1 6 14 25 29 30 | 8
第5组：6 21 22 24 27 33 | 11
第6组：6 7 11 20 32 33 | 11

预测时间：2025/9/7 08:27:15
第1组：3 5 6 13 24 30 | 11
第2组：2 6 16 18 19 20 | 11
第3组：6 10 12 19 20 33 | 11
第4组：2 6 25 26 27 30 | 3
第5组：6 9 11 16 18 26 | 11
第6组：5 6 13 14 29 30 | 11

预测时间：2025/9/8 08:26:34
第1组：2 6 10 13 20 23 | 11
第2组：6 9 12 17 27 29 | 7
第3组：2 3 6 13 16 31 | 1
第4组：6 13 16 19 20 28 | 11
第5组：3 6 16 23 29 33 | 11
第6组：6 10 16 19 30 33 | 11

预测时间：2025/9/9 08:25:17
第1组：2 6 7 14 18 28 | 9
第2组：6 10 21 23 25 27 | 7
第3组：2 6 14 15 19 23 | 11
第4组：2 6 8 10 21 31 | 9
第5组：1 6 9 14 22 33 | 13
第6组：1 6 9 17 19 22 | 6

预测时间：2025/9/10 08:24:50
第1组：6 10 15 18 23 25 | 11
第2组：5 6 12 16 24 31 | 15
第3组：3 6 18 23 27 33 | 15
第4组：2 3 6 8 25 30 | 11
第5组：6 15 19 20 24 31 | 14
第6组：1 2 12 17 25 31 | 11

预测时间：2025/9/11 08:25:10
第1组：1 3 6 8 13 19 | 11
第2组：6 10 13 14 23 32 | 11
第3组：5 11 13 14 16 21 | 11
第4组：3 5 6 11 14 32 | 11
第5组：6 8 22 24 27 31 | 11
第6组：6 20 26 27 29 33 | 14

预测时间：2025/9/12 08:24:48
第1组：2 3 6 8 9 13 | 7
第2组：6 9 13 14 18 29 | 5
第3组：6 8 16 22 30 31 | 11
第4组：3 6 22 25 26 30 | 11
第5组：6 15 25 27 29 33 | 14
第6组：6 8 12 19 29 31 | 9

预测时间：2025/9/13 08:22:50
第1组：5 6 9 14 22 26 | 12
第2组：6 14 20 22 27 31 | 7
第3组：3 5 6 11 18 33 | 14
第4组：2 3 6 15 28 33 | 11
第5组：6 13 14 19 21 27 | 11
第6组：6 10 11 16 23 33 | 11

预测时间：2025/9/14 08:26:52
第1组：1 6 7 10 12 25 | 11
第2组：1 6 9 16 19 28 | 11
第3组：5 6 7 11 22 25 | 11
第4组：2 6 16 18 27 31 | 11
第5组：6 8 15 19 25 30 | 11
第6组：5 6 14 23 26 31 | 11

预测时间：2025/9/15 08:27:10
第1组：6 8 13 16 17 27 | 11
第2组：6 12 15 21 30 33 | 11
第3组：6 22 23 24 27 30 | 11
第4组：6 10 11 14 22 33 | 11
第5组：6 10 12 18 19 27 | 11
第6组：2 6 22 26 29 33 | 11

预测时间：2025/9/16 08:24:13
第1组：5 6 14 16 18 30 | 11
第2组：3 6 10 13 18 25 | 11
第3组：6 8 16 21 22 33 | 11
第4组：6 13 14 26 30 31 | 11
第5组：1 6 15 19 31 33 | 11
第6组：6 9 14 15 25 26 | 6

预测时间：2025/9/17 08:25:08
第1组：2 6 9 11 14 21 | 11
第2组：3 6 12 19 25 26 | 11
第3组：6 7 16 17 27 32 | 15
第4组：6 8 9 17 28 29 | 11
第5组：4 6 12 13 17 30 | 14
第6组：3 5 6 20 22 23 | 11

预测时间：2025/9/18 08:24:26
第1组：6 7 14 15 16 28 | 10
第2组：3 6 13 20 21 30 | 11
第3组：2 6 10 11 19 21 | 11
第4组：2 6 7 10 20 33 | 11
第5组：6 16 24 25 27 33 | 11
第6组：3 6 9 24 29 33 | 15

预测时间：2025/9/19 08:25:16
第1组：6 7 11 17 29 30 | 5
第2组：1 6 16 17 25 28 | 11
第3组：4 6 9 16 17 22 | 12
第4组：2 6 10 15 28 32 | 14
第5组：1 2 6 10 19 31 | 14
第6组：3 6 11 14 21 33 | 11

预测时间：2025/9/20 08:23:43
第1组：2 6 9 15 25 26 | 11
第2组：6 10 16 25 28 31 | 8
第3组：3 5 6 18 21 24 | 11
第4组：1 2 6 16 21 22 | 7
第5组：6 12 14 25 28 33 | 11
第6组：1 6 13 15 18 29 | 11

预测时间：2025/9/21 08:27:38
第1组：6 10 15 17 19 26 | 12
第2组：3 18 19 24 30 31 | 11
第3组：2 6 8 11 18 25 | 11
第4组：1 6 8 9 21 27 | 15
第5组：6 13 14 22 23 28 | 4
第6组：6 9 26 28 31 32 | 5

预测时间：2025/9/22 08:27:45
第1组：1 2 6 19 21 22 | 11
第2组：6 13 16 24 26 29 | 9
第3组：6 12 15 17 30 33 | 11
第4组：6 13 16 18 19 24 | 1
第5组：2 5 6 9 15 33 | 11
第6组：1 2 6 12 24 25 | 4

预测时间：2025/9/23 08:24:57
第1组：6 10 14 15 16 33 | 11
第2组：2 6 10 17 21 24 | 11
第3组：2 6 22 28 31 33 | 11
第4组：6 17 18 19 31 32 | 10
第5组：5 6 10 17 21 27 | 11
第6组：2 6 11 16 25 33 | 6

预测时间：2025/9/24 08:25:06
第1组：6 7 14 17 21 30 | 5
第2组：6 13 17 18 21 24 | 11
第3组：2 6 12 22 26 27 | 11
第4组：2 6 11 29 30 33 | 11
第5组：2 6 12 18 25 28 | 11
第6组：6 7 17 27 29 30 | 14

预测时间：2025/9/25 08:24:50
第1组：2 5 6 10 15 30 | 11
第2组：6 7 9 20 23 30 | 11
第3组：2 6 14 17 26 31 | 11
第4组：6 12 15 26 30 31 | 9
第5组：2 3 6 11 27 28 | 5
第6组：6 9 10 12 18 20 | 11

预测时间：2025/9/26 08:24:33
第1组：6 21 24 27 28 33 | 11
第2组：6 14 17 25 27 28 | 11
第3组：3 6 14 21 23 24 | 13
第4组：4 5 6 19 28 31 | 11
第5组：6 17 22 29 30 33 | 9
第6组：6 10 13 16 18 32 | 11

预测时间：2025/9/27 08:24:28
第1组：1 11 12 15 20 24 | 11
第2组：4 6 15 19 21 31 | 5
第3组：3 6 8 18 31 32 | 11
第4组：6 8 9 10 25 30 | 5
第5组：6 15 19 23 28 31 | 6
第6组：3 6 11 15 19 25 | 11

预测时间：2025/9/28 08:28:03
第1组：4 6 11 15 24 28 | 11
第2组：6 14 19 27 30 31 | 6
第3组：3 6 17 19 21 27 | 11
第4组：2 6 11 16 24 31 | 13
第5组：6 12 15 16 20 33 | 11
第6组：1 6 8 23 24 30 | 15

预测时间：2025/9/29 08:26:18
第1组：2 4 6 13 17 24 | 14
第2组：3 6 16 23 27 31 | 13
第3组：2 6 12 21 30 31 | 6
第4组：6 10 12 13 15 21 | 10
第5组：6 12 18 19 21 30 | 11
第6组：6 9 17 24 28 33 | 14

预测时间：2025/9/30 08:25:15
第1组：2 7 18 21 23 30 | 11
第2组：6 7 9 12 16 28 | 6
第3组：3 6 13 17 18 30 | 11
第4组：6 10 13 14 17 25 | 5
第5组：2 6 7 21 25 29 | 11
第6组：3 5 6 18 28 33 | 11

预测时间：2025/10/1 08:29:15
第1组：6 7 9 18 22 28 | 11
第2组：2 6 18 19 26 29 | 11
第3组：6 10 11 16 25 33 | 11
第4组：6 11 23 27 30 32 | 11
第5组：6 18 21 22 32 33 | 11
第6组：2 3 6 15 18 27 | 7

预测时间：2025/10/2 08:24:19
第1组：3 6 7 16 22 23 | 11
第2组：6 11 16 19 30 31 | 11
第3组：2 5 6 10 17 29 | 11
第4组：2 6 13 18 23 33 | 11
第5组：1 3 6 12 17 30 | 11
第6组：1 2 6 9 13 22 | 11

预测时间：2025/10/3 08:24:08
第1组：6 9 20 22 26 31 | 12
第2组：6 7 8 10 16 23 | 1
第3组：3 6 7 17 27 30 | 11
第4组：6 10 14 23 27 31 | 11
第5组：2 6 10 18 21 27 | 11
第6组：6 7 18 23 24 31 | 7

预测时间：2025/10/4 08:23:36
第1组：5 6 7 15 16 29 | 1
第2组：4 6 8 12 25 27 | 16
第3组：6 10 12 13 17 24 | 2
第4组：6 10 18 26 30 31 | 11
第5组：5 6 14 15 16 19 | 4
第6组：1 2 7 10 21 32 | 3

预测时间：2025/10/5 08:27:44
第1组：2 6 8 11 25 31 | 5
第2组：2 6 19 20 31 32 | 11
第3组：5 6 15 16 18 21 | 11
第4组：6 10 13 15 22 24 | 11
第5组：2 5 6 11 27 32 | 15
第6组：6 14 16 21 25 30 | 11

预测时间：2025/10/6 08:25:53
第1组：6 12 15 21 24 31 | 11
第2组：3 6 10 13 28 33 | 11
第3组：3 6 9 15 16 18 | 7
第4组：6 10 19 21 23 31 | 11
第5组：5 6 7 18 26 32 | 11
第6组：3 6 7 13 21 24 | 16

预测时间：2025/10/7 08:25:19
第1组：4 6 15 17 18 23 | 11
第2组：4 6 10 23 26 30 | 11
第3组：6 10 21 25 29 31 | 11
第4组：2 6 15 17 20 32 | 11
第5组：6 9 16 21 23 24 | 3
第6组：6 12 13 15 18 29 | 5

预测时间：2025/10/8 08:25:09
第1组：2 6 15 17 30 31 | 9
第2组：6 9 17 23 31 33 | 7
第3组：6 15 17 23 29 30 | 11
第4组：2 6 11 22 23 24 | 6
第5组：6 11 16 17 25 30 | 11
第6组：6 10 19 20 21 28 | 11

预测时间：2025/10/9 08:25:19
第1组：6 8 11 14 24 33 | 11
第2组：2 3 6 15 19 32 | 11
第3组：1 6 12 15 18 19 | 7
第4组：2 6 10 21 22 28 | 14
第5组：6 9 14 18 23 32 | 16
第6组：2 4 6 12 29 33 | 15

预测时间：2025/10/10 08:25:28
第1组：6 13 21 28 29 33 | 11
第2组：1 2 6 20 28 33 | 5
第3组：1 6 11 18 23 29 | 15
第4组：6 9 13 16 22 25 | 11
第5组：3 6 14 16 23 28 | 11
第6组：6 12 15 17 30 32 | 11

预测时间：2025/10/11 08:23:40
第1组：6 9 21 26 29 32 | 16
第2组：2 6 14 17 18 21 | 14
第3组：6 17 18 20 25 32 | 14
第4组：2 6 15 26 30 33 | 11
第5组：3 6 10 13 19 29 | 11
第6组：1 6 13 16 27 33 | 6

预测时间：2025/10/12 08:26:33
第1组：2 6 16 19 20 33 | 11
第2组：1 2 6 10 28 30 | 11
第3组：6 9 15 22 32 33 | 11
第4组：5 6 12 21 25 30 | 11
第5组：6 11 16 18 19 26 | 5
第6组：6 9 16 19 25 30 | 16

预测时间：2025/10/13 08:27:18
第1组：1 6 11 15 28 32 | 11
第2组：6 9 12 15 26 30 | 11
第3组：4 5 6 9 14 17 | 6
第4组：4 6 13 24 25 29 | 11
第5组：6 11 17 18 19 26 | 7
第6组：5 6 12 16 23 31 | 12

预测时间：2025/10/14 08:24:53
第1组：6 7 9 10 18 19 | 11
第2组：6 16 24 25 26 33 | 15
第3组：2 6 13 17 22 30 | 11
第4组：6 8 11 14 30 31 | 9
第5组：2 6 7 16 20 30 | 11
第6组：6 10 15 16 23 32 | 11

预测时间：2025/10/15 08:25:57
第1组：3 6 11 15 23 27 | 11
第2组：1 4 6 7 11 16 | 11
第3组：1 6 18 26 30 33 | 12
第4组：6 14 15 19 22 32 | 12
第5组：6 10 25 26 28 31 | 11
第6组：2 6 8 16 21 22 | 11

预测时间：2025/10/16 08:26:25
第1组：2 4 5 6 22 25 | 11
第2组：2 6 14 18 27 30 | 11
第3组：6 8 10 18 26 33 | 11
第4组：6 12 17 18 19 22 | 8
第5组：4 6 11 13 22 33 | 11
第6组：6 9 16 17 23 28 | 11

预测时间：2025/10/17 08:25:53
第1组：6 9 12 19 25 33 | 12
第2组：6 8 17 23 28 29 | 11
第3组：3 6 13 18 25 28 | 15
第4组：2 6 10 12 17 27 | 2
第5组：6 14 17 22 23 29 | 1
第6组：2 6 9 17 32 33 | 11

预测时间：2025/10/18 08:23:45
第1组：6 10 23 28 29 33 | 11
第2组：3 6 9 16 23 33 | 11
第3组：6 7 10 13 16 33 | 13
第4组：6 11 12 14 22 25 | 14
第5组：1 6 13 17 25 31 | 11
第6组：6 11 23 25 26 33 | 16

预测时间：2025/10/19 08:28:57
第1组：6 17 18 26 30 33 | 3
第2组：6 12 15 18 22 28 | 14
第3组：2 5 6 8 9 24 | 11
第4组：6 9 12 18 22 30 | 1
第5组：2 6 11 18 19 22 | 11
第6组：6 10 13 22 25 29 | 11

预测时间：2025/10/20 08:27:51
第1组：6 7 9 13 19 32 | 11
第2组：6 10 15 18 23 25 | 11
第3组：2 6 10 14 15 26 | 11
第4组：6 12 13 19 22 30 | 11
第5组：6 8 21 22 26 27 | 1
第6组：3 6 12 14 18 20 | 1

预测时间：2025/10/21 08:26:02
第1组：3 6 9 14 26 29 | 15
第2组：6 13 17 27 30 33 | 15
第3组：3 6 14 16 23 31 | 11
第4组：6 9 10 20 21 23 | 11
第5组：1 6 9 24 28 33 | 11
第6组：3 6 7 10 24 27 | 11

预测时间：2025/10/22 08:26:56
第1组：6 8 10 17 18 25 | 9
第2组：3 6 9 17 26 30 | 11
第3组：2 6 12 19 23 27 | 13
第4组：5 6 16 21 30 33 | 16
第5组：4 6 14 18 25 32 | 9
第6组：6 7 13 17 23 32 | 12

预测时间：2025/10/23 08:25:56
第1组：3 4 6 15 31 33 | 11
第2组：2 6 8 12 15 33 | 11
第3组：6 11 19 28 29 30 | 11
第4组：6 7 9 10 17 25 | 11
第5组：6 10 21 27 28 33 | 14
第6组：2 5 6 11 14 23 | 11

预测时间：2025/10/24 08:23:49
第1组：2 6 7 10 16 33 | 13
第2组：6 7 9 12 17 25 | 11
第3组：3 4 6 24 25 32 | 11
第4组：6 11 14 19 30 31 | 11
第5组：6 9 13 21 29 33 | 2
第6组：1 6 12 15 24 28 | 11

预测时间：2025/10/25 08:25:23
第1组：2 6 8 11 16 29 | 11
第2组：6 13 23 25 26 31 | 11
第3组：2 6 8 13 21 24 | 11
第4组：6 8 10 14 27 30 | 11
第5组：6 15 21 29 32 33 | 11
第6组：2 6 8 16 19 21 | 11

预测时间：2025/10/26 08:28:03
第1组：6 9 17 18 23 25 | 11
第2组：3 6 7 23 27 30 | 11
第3组：2 6 9 24 30 33 | 11
第4组：1 3 6 15 17 21 | 12
第5组：2 3 6 13 16 21 | 11
第6组：6 12 14 28 30 33 | 11

预测时间：2025/10/27 08:28:35
第1组：6 9 12 25 28 33 | 10
第2组：1 6 17 24 25 33 | 11
第3组：6 11 15 21 24 32 | 11
第4组：6 12 21 28 29 33 | 11
第5组：5 6 12 21 23 30 | 9
第6组：2 6 13 16 19 30 | 11

预测时间：2025/10/28 08:25:26
第1组：1 4 6 13 22 25 | 8
第2组：5 6 16 19 24 27 | 7
第3组：6 14 17 22 25 31 | 15
第4组：3 6 21 25 28 31 | 5
第5组：2 6 7 19 24 31 | 11
第6组：6 8 10 15 18 30 | 14

预测时间：2025/10/29 08:26:58
第1组：2 6 10 14 21 29 | 14
第2组：1 6 13 17 27 28 | 11
第3组：4 6 10 24 26 31 | 11
第4组：6 7 10 13 24 33 | 11
第5组：6 9 13 19 22 30 | 12
第6组：4 6 9 13 20 31 | 6

预测时间：2025/10/30 08:27:07
第1组：6 7 10 19 26 31 | 11
第2组：3 6 14 16 23 24 | 8
第3组：3 6 7 13 19 23 | 11
第4组：2 6 14 17 23 30 | 11
第5组：3 6 10 27 30 33 | 11
第6组：1 6 10 13 19 33 | 11

预测时间：2025/10/31 08:26:04
第1组：5 6 7 15 20 28 | 10
第2组：3 6 9 10 16 24 | 11
第3组：2 6 7 21 31 33 | 7
第4组：5 6 14 25 28 33 | 16
第5组：6 18 19 20 23 26 | 1
第6组：2 6 15 16 18 32 | 11

预测时间：2025/11/1 08:28:52
第1组：6 7 8 17 31 33 | 11
第2组：6 13 14 21 24 27 | 8
第3组：4 6 10 11 16 33 | 15
第4组：3 4 6 16 20 23 | 12
第5组：2 6 16 25 26 28 | 11
第6组：2 3 6 10 19 29 | 11

预测时间：2025/11/2 08:28:40
第1组：6 9 10 14 18 30 | 14
第2组：6 15 18 25 26 31 | 11
第3组：3 6 14 19 22 27 | 11
第4组：3 6 16 20 21 30 | 11
第5组：6 11 16 22 24 27 | 11
第6组：6 7 10 17 20 27 | 15

预测时间：2025/11/3 08:27:57
第1组：6 13 17 18 24 26 | 11
第2组：2 6 10 12 23 31 | 11
第3组：1 2 6 7 15 22 | 11
第4组：6 12 16 30 31 33 | 16
第5组：2 6 15 17 19 22 | 11
第6组：6 11 20 24 26 29 | 11

预测时间：2025/11/4 08:26:10
第1组：4 6 7 17 19 29 | 16
第2组：4 6 10 14 23 33 | 11
第3组：6 19 20 21 25 33 | 11
第4组：6 7 11 20 23 28 | 11
第5组：2 6 12 13 25 29 | 11
第6组：6 18 23 24 29 30 | 11

预测时间：2025/11/5 08:27:09
第1组：1 3 6 19 24 29 | 11
第2组：2 6 11 12 19 29 | 11
第3组：6 9 11 19 32 33 | 11
第4组：5 6 14 15 24 25 | 11
第5组：6 7 19 27 30 32 | 15
第6组：6 11 15 22 28 30 | 5

预测时间：2025/11/6 08:26:28
第1组：1 4 6 12 14 23 | 11
第2组：6 9 11 22 24 29 | 11
第3组：4 6 9 15 16 30 | 11
第4组：6 13 17 19 21 28 | 11
第5组：4 6 17 24 27 32 | 8
第6组：1 3 6 10 12 15 | 11

预测时间：2025/11/7 08:26:46
第1组：3 6 9 19 26 30 | 11
第2组：6 9 10 21 29 30 | 11
第3组：6 15 18 24 32 33 | 11
第4组：6 16 20 22 23 28 | 12
第5组：2 3 6 13 14 17 | 11
第6组：3 6 12 18 23 27 | 9

预测时间：2025/11/8 08:25:06
第1组：5 6 9 16 23 25 | 11
第2组：6 11 17 20 28 29 | 11
第3组：6 12 16 19 25 31 | 11
第4组：2 3 6 9 13 25 | 11
第5组：6 10 22 23 31 32 | 11
第6组：2 6 15 19 20 27 | 11

预测时间：2025/11/9 08:28:41
第1组：3 6 8 16 25 30 | 11
第2组：2 6 9 10 31 33 | 11
第3组：2 6 8 18 25 30 | 11
第4组：3 6 22 25 27 30 | 11
第5组：6 11 14 20 21 33 | 11
第6组：6 15 16 24 25 32 | 11

预测时间：2025/11/10 08:28:31
第1组：5 6 7 10 13 26 | 7
第2组：1 4 6 9 19 30 | 11
第3组：4 6 12 16 24 28 | 12
第4组：2 4 6 14 31 32 | 16
第5组：6 18 21 22 30 31 | 11
第6组：1 6 23 24 28 32 | 11

预测时间：2025/11/11 08:27:27
第1组：4 6 14 15 19 23 | 6
第2组：6 10 13 26 27 30 | 4
第3组：2 6 10 21 25 27 | 11
第4组：1 6 15 18 23 25 | 11
第5组：4 6 9 16 18 32 | 11
第6组：6 19 25 28 29 30 | 11

预测时间：2025/11/12 08:26:55
第1组：1 4 6 16 21 25 | 8
第2组：6 7 17 18 23 33 | 11
第3组：1 6 16 22 23 26 | 5
第4组：2 6 10 11 26 33 | 14
第5组：6 9 16 29 31 32 | 11
第6组：6 10 11 13 17 28 | 11

预测时间：2025/11/13 08:26:45
第1组：2 6 9 13 16 26 | 11
第2组：3 6 9 15 18 31 | 11
第3组：6 9 15 19 27 31 | 10
第4组：2 6 14 23 25 32 | 11
第5组：6 8 15 22 25 31 | 11
第6组：1 6 19 21 23 28 | 8

预测时间：2025/11/14 08:27:13
第1组：3 6 8 15 16 20 | 11
第2组：5 6 8 15 17 29 | 5
第3组：2 6 10 22 31 32 | 15
第4组：6 8 11 19 25 33 | 15
第5组：3 6 12 17 27 31 | 11
第6组：6 11 21 24 28 30 | 9

预测时间：2025/11/15 08:26:07
第1组：6 9 12 13 18 25 | 5
第2组：3 6 7 10 12 16 | 11
第3组：2 6 13 26 27 31 | 8
第4组：6 8 13 21 25 32 | 10
第5组：1 2 9 23 24 31 | 13
第6组：6 14 16 17 22 28 | 11

预测时间：2025/11/16 08:29:13
第1组：6 14 17 28 29 30 | 11
第2组：2 6 11 14 15 23 | 11
第3组：6 11 19 23 25 30 | 15
第4组：2 5 6 8 11 22 | 5
第5组：6 9 18 20 21 33 | 10
第6组：1 3 6 8 21 33 | 11

预测时间：2025/11/17 08:27:57
第1组：4 6 15 23 25 33 | 2
第2组：4 6 10 16 19 25 | 11
第3组：1 6 7 9 15 16 | 11
第4组：4 6 14 18 28 29 | 11
第5组：9 12 19 23 25 33 | 7
第6组：2 6 10 24 30 31 | 13

预测时间：2025/11/18 08:26:44
第1组：6 8 9 12 17 33 | 11
第2组：6 11 14 17 22 25 | 11
第3组：1 4 6 7 26 27 | 11
第4组：5 6 13 22 26 29 | 16
第5组：6 15 17 20 27 28 | 11
第6组：6 12 14 20 23 33 | 11

预测时间：2025/11/19 08:27:38
第1组：6 8 9 11 20 23 | 11
第2组：1 6 8 12 25 33 | 11
第3组：6 12 16 17 20 33 | 6
第4组：6 7 12 15 18 21 | 11
第5组：2 6 10 23 25 27 | 11
第6组：3 6 7 28 31 32 | 1

预测时间：2025/11/20 08:26:38
第1组：2 6 14 19 23 31 | 6
第2组：6 13 19 22 23 33 | 11
第3组：6 7 10 14 20 26 | 11
第4组：2 6 12 14 16 30 | 10
第5组：6 9 13 16 20 31 | 11
第6组：1 6 22 26 27 30 | 2

预测时间：2025/11/21 08:26:44
第1组：6 7 14 19 26 29 | 11
第2组：6 9 10 12 23 25 | 15
第3组：3 6 16 24 30 33 | 10
第4组：2 3 6 15 17 25 | 11
第5组：4 6 11 14 26 31 | 11
第6组：6 8 16 17 18 30 | 7

预测时间：2025/11/22 08:25:43
第1组：2 4 6 9 13 29 | 13
第2组：1 6 9 10 11 20 | 11
第3组：4 6 16 18 22 25 | 1
第4组：6 10 13 21 22 33 | 11
第5组：3 6 13 15 19 25 | 8
第6组：6 16 17 30 31 33 | 11

预测时间：2025/11/23 08:31:16
第1组：2 6 11 20 29 32 | 10
第2组：1 6 10 11 14 25 | 11
第3组：6 7 8 16 22 25 | 11
第4组：6 8 10 19 21 24 | 11
第5组：4 6 13 20 21 33 | 11
第6组：1 6 12 16 29 30 | 6

预测时间：2025/11/24 08:29:01
第1组：4 6 10 16 17 27 | 11
第2组：6 16 22 23 30 33 | 12
第3组：6 11 14 15 24 33 | 11
第4组：1 3 6 11 27 32 | 11
第5组：6 8 11 21 28 33 | 5
第6组：6 9 12 13 14 19 | 11

预测时间：2025/11/25 08:26:11
第1组：6 7 14 17 26 32 | 5
第2组：3 6 17 21 29 33 | 11
第3组：6 10 11 22 25 30 | 11
第4组：6 9 13 14 27 33 | 11
第5组：6 8 15 22 25 28 | 11
第6组：6 8 13 18 23 25 | 9

预测时间：2025/11/26 08:27:28
第1组：6 13 16 26 27 33 | 12
第2组：6 10 12 14 23 32 | 15
第3组：3 6 12 22 25 30 | 11
第4组：1 5 6 9 14 19 | 6
第5组：2 6 9 17 19 33 | 1
第6组：5 6 9 16 27 31 | 11

预测时间：2025/11/27 08:27:14
第1组：6 12 16 22 23 26 | 11
第2组：3 5 6 20 23 25 | 16
第3组：6 9 11 23 29 32 | 12
第4组：2 5 6 10 31 32 | 11
第5组：6 8 16 20 31 32 | 11
第6组：1 6 7 13 16 22 | 2

预测时间：2025/11/28 08:26:36
第1组：7 10 12 16 22 29 | 11
第2组：4 10 18 21 25 31 | 10
第3组：3 9 10 24 28 33 | 6
第4组：2 3 6 10 17 23 | 11
第5组：3 10 11 13 21 25 | 11
第6组：1 10 14 16 19 33 | 5

预测时间：2025/11/29 08:25:57
第1组：2 6 10 16 22 32 | 13
第2组：1 6 10 20 23 31 | 11
第3组：10 15 16 17 22 33 | 11
第4组：2 7 10 13 14 24 | 11
第5组：10 12 19 24 26 27 | 11
第6组：7 10 15 16 23 27 | 7

预测时间：2025/11/30 08:31:15
第1组：8 10 12 17 25 29 | 2
第2组：6 10 14 16 20 33 | 11
第3组：5 10 16 19 21 24 | 11
第4组：2 7 10 23 26 30 | 11
第5组：7 10 17 20 21 24 | 11
第6组：1 10 13 17 25 31 | 11

预测时间：2025/12/1 08:33:34
第1组：2 7 10 20 29 30 | 14
第2组：5 8 10 19 21 31 | 11
第3组：10 14 16 17 18 25 | 11
第4组：5 10 13 21 25 33 | 1
第5组：2 8 10 11 15 24 | 16
第6组：1 4 10 11 28 33 | 11

预测时间：2025/12/2 08:27:38
第1组：6 10 12 19 30 33 | 14
第2组：8 10 11 13 17 25 | 13
第3组：1 2 6 10 22 29 | 11
第4组：7 10 22 27 28 33 | 12
第5组：7 10 16 23 24 29 | 11
第6组：2 10 14 19 23 33 | 16

预测时间：2025/12/3 08:27:43
第1组：4 8 10 12 21 28 | 5
第2组：10 15 16 18 21 33 | 4
第3组：5 8 10 23 24 30 | 11
第4组：7 10 13 18 26 31 | 11
第5组：1 2 4 10 11 19 | 7
第6组：5 10 14 15 24 33 | 2

预测时间：2025/12/4 08:28:14
第1组：8 10 16 17 18 32 | 11
第2组：2 5 6 10 32 33 | 2
第3组：10 19 21 23 27 28 | 14
第4组：4 10 16 27 30 33 | 6
第5组：2 3 10 21 25 33 | 11
第6组：6 10 13 14 16 22 | 11

预测时间：2025/12/5 08:28:34
第1组：6 10 22 28 29 30 | 13
第2组：8 10 13 14 20 27 | 11
第3组：2 10 15 16 24 27 | 11
第4组：5 10 16 25 26 33 | 5
第5组：6 10 11 13 25 29 | 2
第6组：10 16 17 20 21 22 | 11

预测时间：2025/12/6 08:26:03
第1组：6 7 10 20 25 26 | 5
第2组：1 10 17 19 24 32 | 11
第3组：1 4 10 23 30 33 | 2
第4组：5 10 17 20 29 30 | 11
第5组：3 10 14 15 16 18 | 6
第6组：2 4 7 10 24 32 | 11

预测时间：2025/12/7 08:30:55
第1组：1 10 13 21 27 30 | 11
第2组：10 13 21 25 32 33 | 13
第3组：7 9 10 27 29 31 | 15
第4组：5 10 14 17 30 33 | 11
第5组：3 10 12 17 22 26 | 3
第6组：7 10 12 19 20 28 | 11

预测时间：2025/12/8 08:28:25
第1组：10 23 25 27 31 32 | 11
第2组：9 10 12 21 28 32 | 11
第3组：10 11 12 18 30 33 | 11
第4组：3 10 16 18 20 22 | 14
第5组：2 5 10 16 18 21 | 11
第6组：3 6 10 26 32 33 | 11

预测时间：2025/12/9 08:28:12
第1组：3 10 16 19 20 21 | 11
第2组：4 10 14 16 28 33 | 11
第3组：1 10 12 13 19 24 | 15
第4组：2 7 10 11 20 32 | 11
第5组：4 6 10 15 28 30 | 15
第6组：4 10 15 16 25 26 | 16

预测时间：2025/12/10 08:29:04
第1组：10 11 16 17 23 24 | 3
第2组：7 10 13 17 19 28 | 11
第3组：3 4 10 15 29 33 | 6
第4组：10 15 19 25 30 33 | 11
第5组：3 4 10 13 17 29 | 11
第6组：3 7 10 16 23 32 | 11

预测时间：2025/12/11 08:28:41
第1组：10 15 16 20 23 27 | 11
第2组：10 16 18 19 24 33 | 3
第3组：3 5 7 10 21 28 | 11
第4组：9 10 12 24 29 30 | 14
第5组：2 3 10 12 15 31 | 11
第6组：3 6 10 20 24 32 | 10

预测时间：2025/12/12 08:28:36
第1组：8 10 11 17 22 23 | 8
第2组：1 10 14 15 27 29 | 4
第3组：5 6 10 21 25 32 | 16
第4组：3 10 13 20 25 30 | 3
第5组：2 3 4 10 14 22 | 11
第6组：2 3 7 10 24 33 | 14

预测时间：2025/12/13 08:27:09
第1组：4 8 10 20 25 32 | 11
第2组：2 6 10 22 28 32 | 11
第3组：4 6 10 22 23 28 | 11
第4组：4 6 10 15 17 20 | 16
第5组：10 13 15 17 20 30 | 11
第6组：10 13 15 23 25 29 | 11

预测时间：2025/12/14 08:30:57
第1组：10 13 17 18 31 32 | 13
第2组：4 6 10 17 22 24 | 11
第3组：2 5 10 18 21 31 | 11
第4组：2 8 9 10 22 29 | 6
第5组：2 10 15 18 19 24 | 13
第6组：2 3 5 10 22 25 | 11

预测时间：2025/12/15 08:30:46
第1组：3 10 16 25 29 30 | 9
第2组：2 3 10 25 29 33 | 15
第3组：2 6 10 13 30 33 | 10
第4组：5 10 15 16 22 23 | 10
第5组：6 10 19 22 27 33 | 11
第6组：8 10 16 22 27 30 | 13

预测时间：2025/12/16 08:29:01
第1组：4 6 8 10 14 17 | 11
第2组：3 10 13 21 28 29 | 11
第3组：4 7 10 13 22 32 | 11
第4组：5 7 10 11 14 20 | 7
第5组：9 10 19 29 30 33 | 11
第6组：9 10 15 18 22 31 | 1

预测时间：2025/12/17 08:28:14
第1组：3 8 10 18 19 33 | 11
第2组：6 8 10 16 18 23 | 11
第3组：3 5 10 13 16 30 | 16
第4组：10 13 15 22 25 29 | 11
第5组：6 9 10 20 26 33 | 11
第6组：10 26 29 30 32 33 | 14

预测时间：2025/12/18 08:25:31
第1组：2 10 14 17 20 29 | 15
第2组：10 14 23 24 32 33 | 11
第3组：4 7 10 18 21 23 | 11
第4组：10 11 13 21 27 33 | 15
第5组：2 4 10 24 32 33 | 9
第6组：2 3 9 10 14 26 | 1

预测时间：2025/12/19 08:28:38
第1组：10 11 16 17 20 32 | 11
第2组：2 8 10 17 21 24 | 15
第3组：1 4 10 13 17 25 | 11
第4组：5 7 10 14 20 27 | 3
第5组：2 10 16 19 24 32 | 11
第6组：2 10 19 28 29 33 | 11

预测时间：2025/12/20 08:27:25
第1组：10 14 18 19 30 32 | 7
第2组：2 5 6 9 10 16 | 14
第3组：1 10 16 17 21 22 | 6
第4组：5 10 13 24 29 30 | 12
第5组：10 22 25 26 31 33 | 11
第6组：2 10 14 19 25 28 | 14

预测时间：2025/12/21 08:31:00
第1组：3 5 6 10 28 29 | 11
第2组：10 12 15 16 24 27 | 11
第3组：6 10 21 22 29 33 | 11
第4组：2 3 10 11 18 27 | 6
第5组：4 10 14 15 23 33 | 11
第6组：10 16 21 23 30 31 | 11

预测时间：2025/12/22 08:30:32
第1组：8 10 17 28 30 33 | 11
第2组：2 7 10 15 17 25 | 11
第3组：2 8 9 10 16 29 | 7
第4组：4 5 10 15 22 33 | 16
第5组：2 5 10 13 20 21 | 13
第6组：4 7 10 13 26 28 | 11

预测时间：2025/12/23 08:28:28
第1组：3 10 13 16 17 33 | 11
第2组：5 8 10 17 20 27 | 14
第3组：8 10 11 13 19 30 | 11
第4组：7 14 16 23 27 32 | 11
第5组：7 10 22 23 26 31 | 3
第6组：5 10 11 13 19 24 | 11

预测时间：2025/12/24 08:28:35
第1组：2 4 14 23 29 32 | 11
第2组：2 4 5 13 16 33 | 13
第3组：2 7 12 21 25 28 | 5
第4组：2 7 14 23 28 31 | 11
第5组：2 8 9 17 19 20 | 11
第6组：2 6 9 10 15 18 | 11

预测时间：2025/12/25 08:28:26
第1组：2 6 12 15 18 23 | 6
第2组：2 10 16 19 24 30 | 9
第3组：2 5 12 17 27 33 | 8
第4组：2 6 14 25 30 33 | 11
第5组：2 5 21 25 29 31 | 12
第6组：1 2 5 6 21 27 | 13

预测时间：2025/12/26 08:28:40
第1组：1 2 13 25 26 29 | 11
第2组：2 9 13 14 23 31 | 16
第3组：2 4 9 20 23 32 | 11
第4组：2 12 15 16 25 27 | 11
第5组：2 3 10 17 18 21 | 9
第6组：2 4 6 7 14 21 | 11

预测时间：2025/12/27 08:27:59
第1组：2 18 19 21 25 30 | 13
第2组：1 2 6 16 17 20 | 8
第3组：2 3 13 15 27 33 | 14
第4组：2 12 13 20 21 24 | 8
第5组：2 7 15 16 31 33 | 6
第6组：2 7 10 18 21 24 | 11

预测时间：2025/12/28 08:32:33
第1组：2 4 10 13 16 29 | 11
第2组：2 4 7 23 27 31 | 11
第3组：1 2 6 10 25 33 | 11
第4组：2 9 16 24 30 31 | 8
第5组：2 11 19 20 21 25 | 11
第6组：2 14 16 21 24 28 | 7

预测时间：2025/12/29 08:31:50
第1组：2 8 11 12 13 22 | 11
第2组：2 12 16 25 27 33 | 1
第3组：2 7 14 15 29 32 | 11
第4组：2 5 16 25 26 33 | 11
第5组：2 10 21 23 30 32 | 11
第6组：2 5 15 19 23 31 | 11

预测时间：2025/12/30 08:28:34
第1组：2 7 10 15 16 24 | 11
第2组：2 7 22 23 28 30 | 11
第3组：1 2 7 12 13 14 | 2
第4组：2 4 9 10 26 32 | 15
第5组：2 5 8 19 22 31 | 1
第6组：2 12 17 19 21 30 | 8

预测时间：2025/12/31 08:29:10
第1组：2 10 14 20 32 33 | 13
第2组：2 3 14 17 25 33 | 11
第3组：2 14 15 22 30 33 | 11
第4组：2 6 7 17 18 28 | 6
第5组：1 2 5 9 10 17 | 12
第6组：2 3 26 28 31 32 | 15

预测时间：2026/1/1 08:33:08
第1组：2 8 10 22 28 33 | 12
第2组：2 14 18 23 26 30 | 11
第3组：1 2 14 17 20 33 | 11
第4组：2 14 22 31 32 33 | 9
第5组：2 8 11 16 23 26 | 11
第6组：2 8 11 17 23 32 | 14

预测时间：2026/1/2 08:29:05
第1组：2 5 7 10 20 24 | 3
第2组：2 6 12 24 29 30 | 11
第3组：2 8 15 17 20 26 | 11
第4组：2 14 25 27 30 32 | 10
第5组：2 6 10 13 19 32 | 11
第6组：2 5 9 25 31 32 | 11

预测时间：2026/1/3 08:27:42
第1组：2 12 20 23 30 33 | 11
第2组：2 4 8 12 17 21 | 11
第3组：2 7 14 15 18 26 | 11
第4组：2 4 10 22 29 31 | 11
第5组：1 2 13 17 23 30 | 11
第6组：1 2 8 21 24 31 | 11

预测时间：2026/1/4 08:33:10
第1组：2 6 15 23 27 28 | 11
第2组：1 2 5 8 12 14 | 5
第3组：2 6 15 22 28 33 | 11
第4组：2 6 8 9 16 22 | 6
第5组：2 10 18 21 24 30 | 11
第6组：2 8 13 18 19 27 | 5

预测时间：2026/1/5 08:32:16
第1组：1 9 10 16 18 21 | 11
第2组：1 5 10 21 24 31 | 11
第3组：5 10 12 14 22 30 | 11
第4组：9 10 17 27 29 33 | 11
第5组：2 5 10 16 18 33 | 11
第6组：7 10 13 15 17 20 | 11

预测时间：2026/1/6 08:29:22
第1组：3 5 8 10 20 27 | 11
第2组：1 3 10 13 24 33 | 7
第3组：3 4 10 14 28 33 | 11
第4组：10 12 13 22 23 24 | 13
第5组：10 17 18 20 27 31 | 13
第6组：6 10 16 19 22 27 | 3

预测时间：2026/1/7 08:28:37
第1组：2 4 9 10 14 20 | 11
第2组：2 3 23 26 31 33 | 16
第3组：2 18 19 24 26 30 | 11
第4组：2 5 9 11 14 33 | 5
第5组：2 16 21 23 28 31 | 11
第6组：1 2 3 11 15 29 | 11

预测时间：2026/1/8 08:29:31
第1组：2 3 10 21 26 33 | 5
第2组：2 17 18 21 24 28 | 15
第3组：2 4 6 12 26 30 | 11
第4组：2 15 16 17 27 31 | 11
第5组：2 6 7 23 29 32 | 12
第6组：2 6 13 21 31 32 | 15

预测时间：2026/1/9 08:29:21
第1组：2 13 14 17 26 33 | 11
第2组：2 6 8 12 30 33 | 11
第3组：2 7 8 9 23 26 | 11
第4组：1 2 15 18 19 26 | 13
第5组：2 12 16 17 29 33 | 11
第6组：1 2 13 15 17 29 | 10

预测时间：2026/1/10 08:28:50
第1组：2 8 9 11 25 32 | 11
第2组：2 14 15 17 22 25 | 5
第3组：1 2 4 19 31 32 | 11
第4组：2 8 14 21 24 25 | 8
第5组：2 9 13 18 31 33 | 15
第6组：1 2 5 9 20 23 | 10

预测时间：2026/1/11 08:32:59
第1组：2 3 5 6 26 30 | 11
第2组：1 2 16 17 18 31 | 11
第3组：2 9 11 13 22 33 | 14
第4组：2 13 24 25 26 30 | 6
第5组：1 2 16 19 20 31 | 11
第6组：2 8 21 23 27 31 | 13

预测时间：2026/1/12 08:31:15
第1组：2 6 9 17 21 33 | 11
第2组：2 9 14 16 30 33 | 11
第3组：2 12 16 17 24 31 | 11
第4组：2 4 15 18 20 30 | 11
第5组：2 13 17 21 23 31 | 6
第6组：2 10 20 23 27 30 | 11

预测时间：2026/1/13 08:25:16
第1组：2 3 6 11 13 22 | 1
第2组：2 5 15 17 22 30 | 11
第3组：2 8 24 25 28 33 | 11
第4组：2 3 12 22 23 25 | 5
第5组：2 3 5 7 21 24 | 11
第6组：2 9 14 18 22 27 | 11

预测时间：2026/1/14 08:30:05
第1组：2 7 12 22 25 29 | 3
第2组：2 3 7 12 13 32 | 11
第3组：2 19 21 25 28 32 | 4
第4组：2 16 20 21 23 25 | 7
第5组：2 8 10 16 32 33 | 13
第6组：2 3 4 19 22 24 | 7

预测时间：2026/1/15 08:27:15
第1组：2 5 9 21 24 32 | 11
第2组：2 6 9 13 17 29 | 7
第3组：2 10 18 23 32 33 | 11
第4组：1 2 13 23 26 33 | 11
第5组：2 4 6 12 20 28 | 7
第6组：2 5 14 15 22 33 | 11

预测时间：2026/1/16 08:30:10
第1组：1 2 12 16 22 24 | 14
第2组：2 6 10 14 28 31 | 14
第3组：2 6 9 13 16 27 | 2
第4组：2 3 6 14 16 21 | 11
第5组：2 5 6 13 28 33 | 11
第6组：1 2 6 15 17 31 | 11

预测时间：2026/1/17 08:27:56
第1组：2 6 19 24 28 30 | 1
第2组：2 6 8 11 22 30 | 11
第3组：1 2 15 17 22 24 | 11
第4组：2 6 13 15 19 31 | 1
第5组：2 10 11 19 23 28 | 5
第6组：2 5 6 16 20 33 | 15

预测时间：2026/1/18 08:32:22
第1组：2 9 11 18 27 33 | 11
第2组：2 14 16 20 24 31 | 11
第3组：2 8 13 23 25 30 | 14
第4组：2 5 12 16 30 33 | 14
第5组：2 6 7 9 14 30 | 9
第6组：1 2 5 9 19 26 | 16

预测时间：2026/1/19 08:31:28
第1组：2 6 7 13 14 20 | 11
第2组：2 11 19 21 26 28 | 16
第3组：2 7 9 16 28 30 | 9
第4组：2 13 24 26 27 32 | 11
第5组：2 10 12 16 28 32 | 16
第6组：2 3 5 16 17 29 | 11

预测时间：2026/1/20 08:28:54
第1组：2 9 10 14 18 32 | 11
第2组：2 19 23 24 25 29 | 14
第3组：2 6 7 24 28 31 | 3
第4组：2 7 12 18 26 32 | 4
第5组：2 6 8 21 25 28 | 11
第6组：2 11 12 16 17 21 | 11

预测时间：2026/1/21 08:30:25
第1组：1 2 6 28 31 32 | 11
第2组：2 13 16 21 26 27 | 7
第3组：2 7 11 15 24 30 | 11
第4组：2 6 14 15 29 33 | 14
第5组：1 2 5 17 18 24 | 11
第6组：2 8 23 25 27 28 | 11

预测时间：2026/1/22 08:31:02
第1组：1 2 6 14 22 24 | 11
第2组：2 4 7 11 25 26 | 1
第3组：2 12 18 25 28 30 | 11
第4组：2 5 22 23 27 30 | 15
第5组：2 8 12 14 20 27 | 10
第6组：1 2 7 11 21 33 | 15

预测时间：2026/1/23 08:29:59
第1组：2 8 13 17 25 32 | 11
第2组：2 17 20 25 28 33 | 11
第3组：2 4 7 18 20 28 | 2
第4组：2 8 13 20 21 33 | 8
第5组：2 5 23 30 32 33 | 11
第6组：2 8 12 16 22 31 | 5

预测时间：2026/1/24 08:28:28
第1组：2 3 18 20 32 33 | 11
第2组：2 5 6 17 18 24 | 11
第3组：2 12 17 23 25 33 | 8
第4组：2 9 11 17 21 29 | 11
第5组：2 5 9 15 17 30 | 11
第6组：2 4 12 23 26 31 | 11

预测时间：2026/1/25 08:32:55
第1组：2 6 8 10 21 32 | 13
第2组：2 6 12 18 20 22 | 6
第3组：2 13 15 21 29 33 | 11
第4组：2 8 16 22 24 25 | 8
第5组：2 8 13 24 28 33 | 15
第6组：2 6 9 18 28 33 | 8

预测时间：2026/1/26 08:32:20
第1组：2 6 8 11 24 33 | 11
第2组：2 6 9 11 18 32 | 11
第3组：2 12 13 19 21 23 | 11
第4组：2 3 12 15 25 31 | 15
第5组：1 2 4 6 8 29 | 7
第6组：2 10 18 25 29 33 | 11

预测时间：2026/1/27 08:31:26
第1组：2 12 15 18 25 30 | 14
第2组：1 2 17 23 26 33 | 13
第3组：1 2 4 8 21 24 | 8
第4组：2 9 12 16 18 21 | 2
第5组：2 10 14 15 30 33 | 11
第6组：2 5 6 7 15 22 | 14

预测时间：2026/1/28 08:30:11
第1组：2 7 8 14 23 33 | 11
第2组：2 19 23 29 30 33 | 6
第3组：2 12 14 16 23 29 | 8
第4组：2 3 8 17 19 30 | 11
第5组：2 8 11 13 26 33 | 11
第6组：2 5 9 15 20 30 | 6

预测时间：2026/1/29 08:33:52
第1组：2 15 21 23 27 28 | 10
第2组：2 6 16 19 30 33 | 11
第3组：2 6 7 11 16 22 | 12
第4组：2 9 11 16 18 27 | 15
第5组：2 6 10 24 25 33 | 14
第6组：2 12 18 23 28 32 | 11

预测时间：2026/1/30 08:34:10
第1组：6 10 13 19 30 32 | 11
第2组：4 6 10 16 19 20 | 12
第3组：1 6 15 24 25 32 | 11
第4组：6 7 10 25 28 29 | 11
第5组：1 5 6 24 25 30 | 11
第6组：6 13 14 18 21 30 | 7

预测时间：2026/1/31 08:32:56
第1组：1 6 16 20 28 31 | 7
第2组：5 6 10 22 25 33 | 5
第3组：4 6 9 19 22 25 | 11
第4组：2 6 14 25 26 32 | 7
第5组：6 13 15 16 21 28 | 5
第6组：6 8 10 15 29 32 | 11

预测时间：2026/2/1 08:40:47
第1组：5 6 9 16 18 33 | 11
第2组：2 5 6 25 27 33 | 5
第3组：2 6 9 14 16 28 | 3
第4组：6 9 13 19 22 24 | 11
第5组：2 6 10 14 21 33 | 12
第6组：1 6 12 21 23 27 | 11

预测时间：2026/2/2 08:36:14
第1组：5 6 7 12 16 21 | 11
第2组：2 6 9 16 20 29 | 11
第3组：3 6 25 28 32 33 | 3
第4组：5 6 9 15 17 28 | 12
第5组：1 6 12 21 25 28 | 11
第6组：2 6 13 22 30 32 | 1

预测时间：2026/2/3 08:36:25
第1组：6 10 14 19 23 30 | 11
第2组：6 8 12 18 26 30 | 11
第3组：6 11 14 24 27 31 | 13
第4组：2 3 6 21 25 30 | 5
第5组：6 9 15 16 29 33 | 11
第6组：1 3 6 18 21 30 | 15

预测时间：2026/2/4 08:32:49
第1组：3 4 5 9 10 13 | 3
第2组：4 5 8 9 25 29 | 9
第3组：2 8 9 10 14 33 | 11
第4组：9 17 21 28 29 32 | 6
第5组：5 6 12 16 30 33 | 11
第6组：1 2 9 16 25 33 | 1

预测时间：2026/2/5 08:36:22
第1组：1 2 7 9 19 30 | 5
第2组：9 15 18 23 25 27 | 11
第3组：3 6 9 13 17 21 | 11
第4组：9 10 20 24 30 33 | 11
第5组：3 9 12 16 20 31 | 6
第6组：9 17 18 24 28 30 | 1

预测时间：2026/2/6 08:33:20
第1组：2 11 20 25 27 33 | 11
第2组：2 4 5 10 19 27 | 11
第3组：2 6 21 23 24 28 | 15
第4组：2 10 12 16 28 31 | 11
第5组：2 13 17 21 32 33 | 9
第6组：2 6 8 16 21 25 | 11

预测时间：2026/2/7 08:34:22
第1组：2 8 18 21 25 30 | 11
第2组：2 9 15 18 24 28 | 11
第3组：2 9 14 16 26 29 | 11
第4组：2 4 10 14 19 25 | 11
第5组：1 2 14 20 30 32 | 11
第6组：2 6 7 14 25 33 | 11

预测时间：2026/2/8 08:44:57
第1组：2 8 12 13 21 33 | 11
第2组：2 8 13 15 25 26 | 9
第3组：2 19 20 27 30 32 | 11
第4组：2 11 16 18 22 24 | 11
第5组：2 7 16 25 30 31 | 11
第6组：1 2 17 19 23 33 | 11

预测时间：2026/2/9 08:37:11
第1组：2 3 8 15 16 30 | 11
第2组：2 6 15 19 24 25 | 11
第3组：2 6 7 11 13 33 | 11
第4组：2 7 9 10 12 18 | 13
第5组：2 9 12 26 27 30 | 11
第6组：2 3 17 25 29 33 | 11

预测时间：2026/2/10 08:42:18
第1组：2 4 7 20 23 29 | 6
第2组：1 2 7 13 29 30 | 11
第3组：2 17 20 23 27 32 | 7
第4组：2 6 13 16 19 33 | 15
第5组：2 10 15 23 32 33 | 11
第6组：2 4 6 11 18 21 | 11

预测时间：2026/2/11 08:41:12
第1组：5 8 9 10 16 28 | 11
第2组：5 6 9 13 14 31 | 11
第3组：2 9 13 19 29 32 | 11
第4组：7 9 13 19 22 28 | 11
第5组：1 9 20 24 27 29 | 11
第6组：1 9 16 22 29 30 | 11

预测时间：2026/2/12 08:36:06
第1组：3 7 9 10 11 15 | 2
第2组：3 4 9 15 31 32 | 13
第3组：1 6 9 15 18 31 | 11
第4组：9 11 14 20 27 33 | 7
第5组：8 9 20 24 26 32 | 14
第6组：5 9 14 16 17 33 | 7

预测时间：2026/2/13 08:38:17
第1组：5 9 17 19 21 33 | 11
第2组：2 9 18 23 27 33 | 10
第3组：3 6 9 13 18 31 | 11
第4组：4 6 9 15 21 25 | 6
第5组：4 9 13 16 24 32 | 14
第6组：1 3 9 11 28 30 | 11

预测时间：2026/2/14 08:35:35
第1组：2 8 9 17 18 19 | 16
第2组：7 9 10 21 23 28 | 13
第3组：1 4 9 21 25 28 | 11
第4组：4 9 13 15 24 28 | 11
第5组：1 6 7 9 13 20 | 14
第6组：9 14 15 25 28 31 | 11

预测时间：2026/2/15 08:38:29
第1组：4 9 11 14 18 27 | 11
第2组：2 6 9 15 21 25 | 13
第3组：9 14 16 20 21 31 | 11
第4组：2 7 9 22 27 30 | 3
第5组：5 9 15 18 26 27 | 11
第6组：1 9 13 16 22 33 | 11

预测时间：2026/2/16 08:36:42
第1组：2 6 9 11 12 18 | 11
第2组：6 9 19 21 23 31 | 11
第3组：3 6 9 24 25 33 | 5
第4组：9 10 11 15 27 29 | 11
第5组：2 3 4 9 12 18 | 11
第6组：6 9 17 22 25 32 | 11

预测时间：2026/2/17 08:36:22
第1组：1 2 7 9 13 31 | 10
第2组：9 13 15 18 19 30 | 11
第3组：5 7 9 17 28 33 | 2
第4组：7 9 12 13 18 24 | 15
第5组：2 9 14 21 22 33 | 11
第6组：3 9 15 22 24 26 | 11

预测时间：2026/2/18 08:36:26
第1组：2 4 9 19 25 30 | 4
第2组：9 11 21 24 25 31 | 11
第3组：8 9 14 16 17 25 | 11
第4组：5 8 9 14 16 17 | 11
第5组：9 13 17 27 30 32 | 7
第6组：9 15 21 27 28 33 | 10

预测时间：2026/2/19 08:37:17
第1组：1 9 15 20 26 32 | 11
第2组：3 9 16 23 24 32 | 11
第3组：9 12 15 22 23 27 | 6
第4组：4 7 9 16 21 25 | 11
第5组：3 9 12 15 26 30 | 8
第6组：1 2 6 9 13 18 | 11

预测时间：2026/2/20 08:33:46
第1组：2 8 9 12 13 22 | 8
第2组：1 9 10 25 26 33 | 14
第3组：1 6 9 11 28 31 | 14
第4组：2 6 9 12 16 33 | 11
第5组：8 9 22 23 27 33 | 10
第6组：4 9 16 18 19 22 | 11

预测时间：2026/2/21 08:34:18
第1组：9 10 13 17 18 21 | 11
第2组：6 7 9 16 28 33 | 11
第3组：8 9 14 17 24 28 | 16
第4组：9 13 19 23 25 30 | 5
第5组：2 9 15 18 23 27 | 1
第6组：1 4 9 22 24 31 | 5

预测时间：2026/2/22 08:36:50
第1组：3 4 9 15 18 30 | 11
第2组：9 15 22 23 24 25 | 5
第3组：9 10 12 25 26 31 | 11
第4组：2 6 7 9 10 32 | 15
第5组：4 7 9 15 22 30 | 11
第6组：9 12 15 16 19 21 | 15

预测时间：2026/2/23 08:36:41
第1组：2 4 9 24 31 33 | 11
第2组：8 9 14 16 21 25 | 11
第3组：12 15 17 21 23 27 | 11
第4组：5 9 10 19 25 30 | 11
第5组：9 11 17 19 20 22 | 11
第6组：5 6 9 22 28 33 | 11

预测时间：2026/2/24 08:33:59
第1组：6 9 14 18 21 31 | 12
第2组：5 9 19 23 26 31 | 11
第3组：1 9 13 15 27 32 | 14
第4组：2 8 9 18 20 27 | 11
第5组：2 8 9 15 30 32 | 5
第6组：5 9 12 14 17 29 | 11

预测时间：2026/2/25 08:38:24
第1组：4 9 16 17 22 23 | 11
第2组：4 8 9 15 22 33 | 11
第3组：4 9 13 18 21 33 | 11
第4组：3 4 9 22 27 30 | 16
第5组：6 9 12 13 20 26 | 11
第6组：1 2 9 15 23 33 | 6

预测时间：2026/2/26 08:33:33
第1组：1 8 9 16 24 33 | 5
第2组：2 6 9 13 32 33 | 11
第3组：1 2 9 18 22 29 | 11
第4组：6 9 16 21 27 28 | 11
第5组：2 5 9 12 23 33 | 15
第6组：5 8 9 19 27 30 | 15

预测时间：2026/2/27 08:35:57
第1组：8 9 15 18 21 28 | 10
第2组：2 9 19 21 27 28 | 11
第3组：3 6 9 11 32 33 | 3
第4组：2 9 13 16 20 24 | 15
第5组：3 6 9 16 24 29 | 11
第6组：3 6 9 12 15 30 | 11

预测时间：2026/2/28 08:31:30
第1组：1 2 6 9 15 27 | 8
第2组：9 13 17 19 27 30 | 11
第3组：6 9 14 17 20 31 | 11
第4组：1 9 13 15 26 27 | 1
第5组：2 9 11 16 23 25 | 11
第6组：2 3 6 9 20 33 | 5

预测时间：2026/3/1 08:40:14
第1组：1 4 5 9 12 33 | 11
第2组：2 9 10 16 17 27 | 5
第3组：2 9 16 22 31 33 | 11
第4组：4 5 9 10 19 30 | 11
第5组：9 18 20 23 28 30 | 10
第6组：7 9 11 23 30 33 | 11

预测时间：2026/3/2 08:35:17
第1组：9 17 21 27 28 29 | 12
第2组：4 15 17 29 30 32 | 8
第3组：2 3 9 14 17 22 | 11
第4组：9 12 15 17 21 26 | 11
第5组：2 9 18 20 23 31 | 11
第6组：6 9 12 17 23 32 | 8

预测时间：2026/3/3 08:36:14
第1组：7 9 10 16 18 20 | 11
第2组：6 9 15 17 25 31 | 11
第3组：2 8 9 14 15 31 | 4
第4组：4 8 9 24 26 28 | 12
第5组：3 4 9 19 30 33 | 11
第6组：2 5 9 23 25 31 | 11

预测时间：2026/3/4 08:34:45
第1组：6 9 11 15 18 20 | 3
第2组：5 9 10 16 19 24 | 11
第3组：1 3 9 11 16 19 | 1
第4组：1 6 8 9 31 32 | 5
第5组：9 15 19 26 27 32 | 7
第6组：1 6 9 15 23 27 | 5

预测时间：2026/3/5 08:35:48
第1组：9 12 14 15 22 25 | 11
第2组：4 6 9 10 24 25 | 11
第3组：6 9 15 20 22 31 | 5
第4组：3 9 25 28 32 33 | 16
第5组：7 9 11 15 25 27 | 12
第6组：1 2 4 9 22 29 | 11

预测时间：2026/3/6 08:20:09
第1组：9 12 20 30 31 33 | 11
第2组：9 17 18 25 28 33 | 11
第3组：1 8 9 25 28 33 | 11
第4组：9 13 15 17 22 24 | 11
第5组：3 9 18 23 24 32 | 11
第6组：1 5 9 12 14 28 | 11

预测时间：2026/3/7 08:14:22
第1组：6 9 11 15 18 24 | 15
第2组：2 3 9 21 26 31 | 8
第3组：2 9 12 19 22 23 | 11
第4组：2 6 8 9 27 32 | 11
第5组：9 14 25 27 30 33 | 16
第6组：9 16 22 23 32 33 | 11

预测时间：2026/3/8 08:14:21
第1组：1 2 9 20 29 33 | 15
第2组：2 8 9 11 18 20 | 9
第3组：3 4 5 8 9 33 | 11
第4组：2 6 9 15 28 30 | 16
第5组：1 3 6 9 10 23 | 8
第6组：9 14 15 21 23 24 | 8

预测时间：2026/3/9 08:14:27
第1组：6 9 19 23 28 32 | 11
第2组：3 9 11 15 22 26 | 6
第3组：3 9 11 15 21 33 | 2
第4组：2 5 9 12 19 27 | 11
第5组：9 11 14 15 22 24 | 1
第6组：5 9 18 20 28 29 | 7

预测时间：2026/3/10 08:12:09
第1组：1 8 9 11 13 20 | 11
第2组：7 9 10 13 19 30 | 6
第3组：9 15 16 25 26 31 | 11
第4组：1 9 13 14 18 22 | 6
第5组：3 5 9 19 24 33 | 13
第6组：3 9 13 19 26 33 | 11

预测时间：2026/3/11 08:12:44
第1组：5 9 10 13 24 33 | 11
第2组：5 6 9 10 13 21 | 7
第3组：6 9 17 22 28 33 | 14
第4组：9 18 19 26 29 30 | 11
第5组：2 3 9 14 16 24 | 4
第6组：6 9 20 26 27 31 | 16

预测时间：2026/3/12 08:13:30
第1组：4 9 12 14 22 23 | 11
第2组：3 7 9 11 25 31 | 7
第3组：9 14 19 21 30 32 | 10
第4组：2 4 8 9 25 28 | 12
第5组：9 16 17 23 30 32 | 9
第6组：2 4 9 16 19 23 | 14

预测时间：2026/3/13 08:14:54
第1组：1 2 7 9 22 26 | 15
第2组：6 9 13 17 18 33 | 15
第3组：2 9 10 15 18 20 | 11
第4组：1 8 9 12 30 31 | 11
第5组：8 9 14 23 30 32 | 11
第6组：4 5 9 13 24 28 | 11

预测时间：2026/3/14 08:14:59
第1组：3 6 9 11 18 29 | 13
第2组：2 8 9 14 22 30 | 1
第3组：4 5 9 11 31 33 | 11
第4组：6 9 21 23 30 31 | 2
第5组：4 6 9 14 20 24 | 11
第6组：1 9 14 15 24 25 | 11

预测时间：2026/3/15 08:17:09
第1组：6 9 10 14 24 30 | 11
第2组：9 11 14 15 24 27 | 11
第3组：2 9 18 22 23 32 | 11
第4组：3 4 9 20 24 32 | 16
第5组：8 9 15 19 30 33 | 11
第6组：3 9 20 23 26 27 | 11

预测时间：2026/3/16 08:18:19
第1组：2 7 8 9 13 24 | 10
第2组：9 10 14 16 17 23 | 5
第3组：7 9 24 27 32 33 | 11
第4组：2 9 20 24 32 33 | 11
第5组：1 9 14 19 21 25 | 11
第6组：1 2 9 13 24 27 | 14

